0 0 40 0 0 0 0 0 0
1 0.00106534 40 6 3 3 2 115.819 1.07049e-08
2 0.00277354 40 7 2 4 2 193.815 0.00127131
3 0.00500985 40 7 2 5 2 96.1861 -0.00223408
4 0.00771491 40 6 2 4 2 97.657 0.00023285
5 0.0108066 40 6 2 5 2 102.086 0.000220305
6 0.0142049 40 7 2 5 2 94.071 -0.000129545
7 0.017845 40 7 2 5 2 78.1953 -0.000194316
8 0.0216794 40 7 2 5 2 58.6178 -1.12773e-05
9 0.0256745 40 7 2 5 2 37.6285 0.000128064
10 0.029806 40 7 2 5 2 16.7604 0.000130283
11 0.0340606 40 7 2 5 2 -2.63081 0.000114625
12 0.0384355 40 7 2 5 2 -19.4114 0.000112669
13 0.0429361 40 7 2 5 2 -32.6537 0.000108123
14 0.0475717 40 7 2 5 2 -41.8034 0.00011953
15 0.0523559 40 7 2 5 2 -46.6458 0.000115421
16 0.0573081 40 6 2 5 2 -47.317 0.000107555
17 0.0624478 40 6 2 5 2 -44.2585 9.89207e-05
18 0.0677933 40 7 2 5 2 -38.1457 0.000108851
19 0.073363 40 7 2 5 2 -29.8127 8.72843e-05
20 0.0791664 40 7 2 6 2 -20.1391 6.12237e-05
21 0.0852064 40 7 2 6 2 -9.98664 4.30885e-05
22 0.0914779 40 7 2 6 2 -0.133993 1.79293e-05
23 0.0979646 40 7 2 6 2 8.77763 7.67583e-06
24 0.104642 40 7 2 6 2 16.249 -1.43886e-05
25 0.11148 40 7 2 6 2 21.9507 -3.663e-05
26 0.118445 40 7 2 6 2 25.6987 -4.4086e-05
27 0.125504 40 6 2 6 2 27.451 -5.01852e-05
28 0.132627 40 6 2 6 2 27.2897 -5.13267e-05
29 0.139787 40 7 2 6 2 25.4166 -4.99153e-05
30 0.146963 40 7 2 6 2 22.1094 -2.75323e-05
31 0.154137 40 7 2 6 2 17.7141 -1.38988e-05
32 0.161196 40 7 2 6 2 12.5755 4.38931e-06
33 0.168189 40 7 2 6 2 7.13218 3.03856e-05
34 0.175163 40 7 2 6 2 1.81532 5.37335e-05
35 0.182138 40 7 2 5 2 -2.99478 5.69587e-05
36 0.189121 40 7 2 5 2 -7.00198 5.76461e-05
37 0.19612 40 7 2 5 2 -9.99367 6.27825e-05
38 0.203146 40 6 2 6 2 -11.8425 6.28035e-05
39 0.210208 40 6 2 6 2 -12.5208 6.83382e-05
40 0.217318 40 6 2 6 2 -12.0896 5.27865e-05
41 0.224484 40 6 2 6 2 -10.6837 4.48374e-05
42 0.231716 40 7 2 6 2 -8.49328 3.3625e-05
43 0.239017 40 7 2 6 2 -5.75466 2.62413e-05
44 0.24639 40 7 2 6 2 -2.71187 4.3207e-06
45 0.253834 40 7 2 6 2 0.390421 -1.5383e-05
46 0.261345 40 7 2 6 2 3.32902 -2.99995e-05
47 0.268918 40 7 2 6 2 5.91351 -4.56608e-05
48 0.276545 40 7 2 6 2 7.99748 -5.87807e-05
49 0.284218 40 6 2 6 2 9.48293 -6.69683e-05
50 0.291924 40 6 2 6 2 10.3224 -8.29893e-05
51 0.299657 40 6 2 6 2 10.5158 -8.36137e-05
52 0.307409 40 6 2 6 2 10.1078 -8.16564e-05
53 0.315171 40 6 2 6 2 9.17959 -8.48058e-05
54 0.322939 40 6 2 6 2 7.84105 -7.4398e-05
55 0.330708 40 7 2 6 2 6.22186 -6.57529e-05
56 0.338468 40 7 2 6 2 4.45608 -6.39033e-05
57 0.346221 40 7 2 6 2 2.6817 -5.91194e-05
58 0.353976 40 7 2 6 2 1.02559 -4.97913e-05
59 0.361733 40 7 2 6 2 -0.407623 -4.39327e-05
60 0.369496 40 7 2 6 2 -1.53527 -3.70907e-05
61 0.377269 40 6 2 6 2 -2.3058 -3.10629e-05
62 0.385056 40 6 2 6 2 -2.69434 -2.17857e-05
63 0.392861 40 5 2 6 2 -2.71027 -1.85029e-05
64 0.400686 40 6 2 6 2 -2.38179 -2.56184e-05
65 0.408537 40 6 2 6 2 -1.76824 -1.68146e-05
66 0.416413 40 6 2 6 2 -0.93631 -2.50195e-05
67 0.424318 40 6 2 6 2 0.0350121 -3.223e-05
68 0.43225 40 6 2 6 2 1.06379 -4.10905e-05
69 0.440209 40 6 2 6 2 2.07208 -5.13224e-05
70 0.448193 40 6 2 6 2 2.9939 -6.14376e-05
71 0.456201 40 6 2 6 2 3.76774 -7.40059e-05
72 0.464229 40 6 2 6 2 4.35523 -8.33573e-05
73 0.472276 40 6 2 6 2 4.73099 -9.37068e-05
74 0.480337 40 5 2 6 2 4.88794 -0.000102262
75 0.48841 40 5 2 6 2 4.83424 -0.000112329
76 0.496494 40 5 2 6 2 4.59221 -0.000114851
77 0.504585 40 6 2 6 2 4.19515 -0.000118976
78 0.512682 40 6 2 6 2 3.68587 -0.000127133
79 0.520785 40 6 2 6 2 3.10741 -0.000119234
80 0.528893 40 6 2 6 2 2.50765 -0.000117649
81 0.537005 40 6 2 6 2 1.93106 -0.000114202
82 0.545125 40 6 2 6 2 1.41388 -0.000111622
83 0.553251 40 6 2 6 2 0.98928 -0.000108857
84 0.561383 40 6 2 6 2 0.677744 -0.000116974
85 0.569525 40 5 2 6 2 0.490894 -0.000103678
86 0.577678 40 5 2 6 2 0.431589 -0.00011243
87 0.585843 40 5 2 6 2 0.491024 -0.000118104
88 0.59402 40 5 2 6 2 0.655843 -0.000125429
89 0.602211 40 6 2 6 2 0.903877 -0.000128501
90 0.610415 40 6 2 6 2 1.21076 -0.000131556
91 0.618634 40 6 2 6 2 1.54916 -0.000145303
92 0.626867 40 6 2 6 2 1.8925 -0.000156802
93 0.635116 40 6 2 6 2 2.21522 -0.000167018
94 0.643376 40 6 2 6 2 2.49897 -0.000175936
95 0.651649 40 5 2 6 2 2.72478 -0.000184028
96 0.659933 40 5 2 6 2 2.8824 -0.000193783
97 0.668228 40 5 2 6 2 2.96707 -0.000196163
98 0.676533 40 4 2 6 2 2.97918 -0.000197724
99 0.684847 40 5 2 6 2 2.92404 -0.000187083
100 0.693167 40 5 2 6 2 2.81126 -0.000210162
101 0.701495 40 5 2 6 2 2.65361 -0.00020732
102 0.709829 40 5 2 6 2 2.46695 -0.000203493
103 0.718169 40 5 2 6 2 2.26551 -0.000204514
104 0.726516 40 5 2 6 2 2.06532 -0.000204534
105 0.734871 40 5 2 6 2 1.87981 -0.000204095
106 0.743231 40 5 2 6 2 1.72109 -0.000204157
107 0.751598 40 5 2 6 2 1.59741 -0.000181529
108 0.759973 40 5 2 6 2 1.5146 -0.000216426
109 0.768356 40 5 2 6 2 1.47438 -0.000191811
110 0.776747 40 4 2 6 2 1.47574 -0.000189137
111 0.785147 40 5 2 6 2 1.51484 -0.000200426
112 0.793556 40 5 2 6 2 1.58567 -0.000180898
113 0.801974 40 5 2 6 2 1.68005 -0.000183531
114 0.810401 40 5 2 6 2 1.78908 -0.000181784
115 0.818839 40 5 2 6 2 1.90383 -0.000182054
116 0.827285 40 5 2 6 2 2.01571 -0.000181568
117 0.835739 40 5 2 6 2 2.11659 -0.000185206
118 0.844203 40 5 2 6 2 2.20094 -0.000186782
119 0.852675 40 5 2 6 2 2.26353 -0.000188614
120 0.861155 40 5 2 6 2 2.3021 -0.000189767
121 0.869642 40 4 2 6 2 2.31596 -0.000190848
122 0.878136 40 4 2 6 2 2.30663 -0.000180071
123 0.886637 40 4 2 6 2 2.27559 -0.000197908
124 0.895145 40 5 2 6 2 2.22769 -0.000192545
125 0.903659 40 5 2 6 2 2.16793 -0.000196297
126 0.91218 40 5 2 6 2 2.09954 -0.000191583
127 0.920707 40 5 2 6 2 2.03078 -0.000189111
128 0.929239 40 5 2 6 2 1.96444 -0.000185911
129 0.937779 40 5 2 6 2 1.90451 -0.00018007
130 0.946325 40 5 2 6 2 1.85612 -0.000181118
131 0.954877 40 4 2 6 2 1.82068 -0.00017191
132 0.963437 40 4 2 6 2 1.79938 -0.000172695
133 0.972002 40 4 2 6 2 1.79415 -0.000167028
134 0.980575 40 4 2 6 2 1.80023 -0.000172331
135 0.989154 40 4 2 6 2 1.81867 -0.000165407
136 0.99774 40 4 2 6 2 1.8454 -0.000156705
137 1.00633 40 5 2 6 2 1.87971 -0.000158632
138 1.01493 40 5 2 6 2 1.91677 -0.000144866
139 1.02354 40 5 2 6 2 1.95395 -0.000146478
140 1.03216 40 5 2 6 2 1.98891 -0.000143665
141 1.04078 40 4 2 6 2 2.01897 -0.000143261
142 1.0494 40 4 2 6 2 2.04233 -0.000143577
143 1.05804 40 4 2 6 2 2.05791 -0.000138947
144 1.06668 40 4 2 6 2 2.06528 -0.000130758
145 1.07533 40 4 2 6 2 2.06445 -0.000139227
146 1.08398 40 4 2 6 2 2.05616 -0.000135838
147 1.09263 40 4 2 6 2 2.04146 -0.00013609
148 1.1013 40 4 2 6 2 2.02179 -0.000127682
149 1.10997 40 4 2 6 2 1.99905 -0.000133085
150 1.11864 40 4 2 6 2 1.9749 -0.000128043
151 1.12732 40 4 2 6 2 1.95095 -0.000125482
152 1.13601 40 4 2 6 2 1.92923 -0.000129863
153 1.1447 40 4 2 6 2 1.91021 -0.000124487
154 1.1534 40 4 2 6 2 1.89526 -0.00012208
155 1.1621 40 4 2 6 2 1.88501 -0.000124737
156 1.17081 40 4 2 6 2 1.87957 -0.000122972
157 1.17953 40 3 2 6 2 1.879 -0.000119839
158 1.18825 40 4 2 6 2 1.88237 -0.000135677
159 1.19697 40 4 2 6 2 1.88902 -0.000118204
160 1.2057 40 4 2 6 2 1.89881 -0.000119656
161 1.21444 40 4 2 6 2 1.90972 -0.000116092
162 1.22318 40 4 2 6 2 1.92133 -0.000116854
163 1.23193 40 4 2 6 2 1.93252 -0.000110934
164 1.24068 40 4 2 6 2 1.94253 -0.000105993
165 1.24944 40 4 2 6 2 1.95057 -0.000105926
166 1.2582 40 4 2 6 2 1.95615 -0.000111314
167 1.26697 40 3 2 6 2 1.95897 -0.000126471
168 1.27575 40 3 2 6 2 1.95978 -4.93989e-05
169 1.28453 40 3 2 6 2 1.9571 -0.000138735
170 1.29331 40 3 2 6 2 1.95202 -0.000121554
171 1.3021 40 3 2 6 2 1.94528 -0.000105109
172 1.31089 40 4 2 6 2 1.93707 -0.00011559
173 1.31969 40 4 2 6 2 1.92818 -0.000102984
174 1.3285 40 4 2 6 2 1.91903 -9.91368e-05
175 1.3373 40 4 2 6 2 1.91027 -9.13321e-05
176 1.34612 40 4 2 6 2 1.90233 -7.35193e-05
177 1.35493 40 3 2 6 2 1.89564 -8.61486e-05
178 1.36375 40 3 2 6 2 1.89029 -0.000100177
179 1.37258 40 3 2 6 2 1.88684 -7.83058e-05
180 1.38141 40 3 2 6 2 1.88495 -9.2645e-05
181 1.39025 40 3 2 6 2 1.88456 -7.12441e-05
182 1.39909 40 3 2 6 2 1.88542 -8.03429e-05
183 1.40794 40 3 2 6 2 1.88742 -7.07972e-05
184 1.41679 40 3 2 6 2 1.89013 -6.74536e-05
185 1.42564 40 3 2 6 2 1.89319 -6.91943e-05
186 1.43451 40 3 2 6 2 1.89643 -6.92259e-05
187 1.44337 40 4 2 6 2 1.89873 -8.58991e-05
188 1.45224 40 3 2 6 2 1.90132 -5.71662e-05
189 1.46111 40 3 2 6 2 1.9028 -6.3713e-05
190 1.46999 40 3 2 6 2 1.90337 -8.59489e-05
191 1.47887 40 3 2 6 2 1.90306 -9.07466e-05
192 1.48776 40 3 2 6 2 1.90156 -0.000100401
193 1.49665 40 3 2 6 2 1.90032 -8.0635e-05
194 1.50555 40 3 2 6 2 1.8972 -9.42468e-05
195 1.51445 40 3 2 6 2 1.89391 -0.000146232
196 1.52335 40 3 2 6 2 1.89028 -0.000115644
197 1.53226 40 3 2 6 2 1.88636 -0.000124132
198 1.54117 40 3 2 6 2 1.88259 -0.000122103
199 1.55008 40 3 2 6 2 1.87952 -0.000138934
200 1.559 40 3 2 6 2 1.87617 -0.000100529
201 1.56793 40 3 2 6 2 1.87277 -0.000105968
202 1.57686 40 3 2 6 2 1.87064 -0.000111749
203 1.58579 40 3 2 6 2 1.86898 -9.36946e-05
204 1.59472 40 3 2 6 2 1.86772 -9.30944e-05
205 1.60366 40 3 2 6 2 1.86699 -7.64226e-05
206 1.61261 40 3 2 6 2 1.86671 -9.10013e-05
207 1.62155 40 3 2 6 2 1.86676 -5.71338e-05
208 1.63051 40 3 2 6 2 1.867 -6.06506e-05
209 1.63946 40 3 2 6 2 1.86772 -2.76845e-05
210 1.64842 40 3 2 6 2 1.86772 -6.21659e-05
211 1.65739 40 3 2 6 2 1.86788 -6.09028e-05
212 1.66635 40 4 2 6 2 1.86809 -4.27477e-05
213 1.67532 40 3 2 6 2 1.86812 -3.62548e-05
214 1.6843 40 3 2 6 2 1.86742 -5.22706e-05
215 1.69328 40 3 2 6 2 1.86652 -4.44508e-05
216 1.70226 40 3 2 6 2 1.86532 -4.94121e-05
217 1.71125 40 3 2 6 2 1.86381 -5.54491e-05
218 1.72024 40 4 2 6 2 1.86206 -3.47013e-05
219 1.72923 40 3 2 6 2 1.86045 -4.8372e-05
220 1.73823 40 3 2 6 2 1.85848 -5.42853e-05
221 1.74723 40 3 2 6 2 1.85645 -3.00758e-05
222 1.75623 40 3 2 6 2 1.85446 -5.3909e-05
223 1.76524 40 3 2 6 2 1.85257 -4.98053e-05
224 1.77425 40 3 2 6 2 1.85023 -4.94728e-05
225 1.78326 40 3 2 6 2 1.84858 -2.17179e-05
226 1.79228 40 3 2 6 2 1.84718 -4.42861e-05
227 1.8013 40 3 2 6 2 1.84582 -2.79227e-05
228 1.81033 40 3 2 6 2 1.84484 -3.50615e-05
229 1.81936 40 3 2 6 2 1.84406 -2.99395e-05
230 1.82839 40 3 2 6 2 1.84347 -2.48315e-05
231 1.83742 40 3 2 6 2 1.84303 -2.03242e-05
232 1.84646 40 3 2 6 2 1.84274 -2.27535e-05
233 1.8555 40 3 2 6 2 1.84239 2.31213e-06
234 1.86454 40 3 2 6 2 1.84245 9.51202e-06
235 1.87359 40 3 2 6 2 1.84206 -7.25835e-06
236 1.88264 40 3 2 6 2 1.8416 -1.66143e-05
237 1.8917 40 3 2 6 2 1.841 -7.35006e-06
238 1.90076 40 3 2 6 2 1.84027 -1.79038e-05
239 1.90982 40 3 2 6 2 1.83941 -1.35637e-05
240 1.91888 40 3 2 6 2 1.83835 -2.07931e-05
241 1.92795 40 3 2 6 2 1.83722 -6.69375e-06
242 1.93702 40 3 2 6 2 1.83594 -2.61395e-05
243 1.94609 40 3 2 6 2 1.83449 -2.85386e-05
244 1.95517 40 3 2 6 2 1.83308 -2.97497e-05
245 1.96424 40 3 2 6 2 1.83174 -2.35023e-05
246 1.97333 40 3 2 6 2 1.83042 -0.00014681
247 1.98241 40 3 2 6 2 1.82919 -1.47217e-05
248 1.9915 40 3 2 6 2 1.82797 -1.65649e-05
249 2.00059 40 3 2 6 2 1.82685 -2.60301e-05
250 2.00968 40 3 2 6 2 1.82595 -2.00978e-05
251 2.01878 40 3 2 6 2 1.82506 -2.187e-06
252 2.02788 40 3 2 6 2 1.82296 -8.23787e-05
253 2.03698 40 3 2 6 2 1.82235 4.12265e-05
254 2.04609 40 3 2 6 2 1.82169 9.75782e-06
255 2.0552 40 3 2 6 2 1.82096 3.42648e-05
256 2.06431 40 3 2 6 2 1.82036 1.13349e-05
257 2.07343 40 3 2 6 2 1.82013 3.51173e-05
258 2.08254 40 3 2 6 2 1.81936 3.34529e-05
259 2.09166 40 3 2 6 2 1.81901 3.53489e-05
260 2.10079 40 3 2 6 2 1.81859 2.9858e-05
261 2.10991 40 3 2 6 2 1.81816 3.18144e-05
262 2.11904 40 3 2 6 2 1.8176 2.40285e-05
263 2.12817 40 3 2 6 2 1.8171 1.45652e-05
264 2.13731 40 3 2 6 2 1.81655 1.6202e-05
265 2.14644 40 3 2 6 2 1.81578 1.0167e-06
266 2.15558 40 3 2 6 2 1.81499 5.37233e-06
267 2.16472 40 3 2 6 2 1.81422 3.62462e-06
268 2.17387 40 3 2 6 2 1.81331 -3.11914e-06
269 2.18301 40 3 2 6 2 1.81236 -1.49638e-05
270 2.19216 40 3 2 6 2 1.8114 -7.35959e-06
271 2.20131 40 3 2 6 2 1.81038 -1.06808e-05
272 2.21047 40 3 2 6 2 1.80943 -9.37098e-06
273 2.21963 40 3 2 6 2 1.80849 -5.75167e-06
274 2.22878 40 3 2 6 2 1.80761 -9.57764e-06
275 2.23795 40 3 2 6 2 1.80672 -1.77381e-06
276 2.24711 40 3 2 6 2 1.80581 -4.70391e-06
277 2.25628 40 3 2 6 2 1.80507 9.08279e-06
278 2.26545 40 3 2 6 2 1.80481 4.07746e-05
279 2.27462 40 3 2 6 2 1.80403 9.71809e-06
280 2.28379 40 3 2 6 2 1.8034 0.000258553
281 2.29297 40 3 2 6 2 1.80287 -3.32395e-05
282 2.30215 40 3 2 6 2 1.80234 5.52498e-05
283 2.31133 40 3 2 6 2 1.80184 7.16567e-05
284 2.32051 40 3 2 6 2 1.80121 4.04131e-05
285 2.3297 40 3 2 6 2 1.80062 3.83191e-05
286 2.33888 40 3 2 6 2 1.80003 2.70137e-05
287 2.34807 40 3 2 6 2 1.79936 2.08966e-05
288 2.35727 40 3 2 6 2 1.79865 8.47253e-06
289 2.36646 40 3 2 6 2 1.79795 1.23573e-05
290 2.37566 40 3 2 6 2 1.7972 -0.000156693
291 2.38486 40 3 2 6 2 1.79628 -9.11358e-05
292 2.39406 40 3 2 6 2 1.7956 0.000101848
293 2.40326 40 3 2 6 2 1.7948 3.80921e-05
294 2.41247 40 3 2 6 2 1.79415 5.70455e-05
295 2.42167 40 3 2 6 2 1.79342 8.85155e-05
296 2.43088 40 3 2 6 2 1.79277 0.000110791
297 2.4401 40 3 2 6 2 1.79213 0.000128629
298 2.44931 40 3 2 6 2 1.79152 0.000135436
299 2.45852 40 3 2 6 2 1.79093 0.000136169
300 2.46774 40 3 2 6 2 1.79039 0.000130344
301 2.47696 40 3 2 6 2 1.78986 0.000120869
302 2.48619 40 3 2 6 2 1.78937 0.000107426
303 2.49541 40 3 2 6 2 1.78886 8.92151e-05
304 2.50464 40 3 2 6 2 1.78833 6.71935e-05
305 2.51386 40 3 2 6 2 1.78783 5.5618e-05
306 2.52309 40 3 2 6 2 1.78733 3.89246e-05
307 2.53233 40 3 2 6 2 1.78679 2.1958e-05
308 2.54156 40 3 2 6 2 1.78622 1.231e-05
309 2.5508 40 3 2 6 2 1.78565 4.3118e-06
310 2.56004 40 3 2 6 2 1.78508 8.78619e-06
311 2.56928 40 3 2 6 2 1.78454 1.1476e-05
312 2.57852 40 3 2 6 2 1.78397 5.84394e-05
313 2.58776 40 3 2 6 2 1.78347 5.36181e-07
314 2.59701 40 3 2 6 2 1.78287 4.56883e-05
315 2.60626 40 3 2 6 2 1.78226 4.41179e-05
316 2.61551 40 3 2 6 2 1.78169 5.66857e-05
317 2.62476 40 3 2 6 2 1.78109 6.58752e-05
318 2.63401 40 3 2 6 2 1.78058 7.28265e-05
319 2.64327 40 3 2 6 2 1.78002 8.12438e-05
320 2.65252 40 3 2 6 2 1.77947 8.54925e-05
321 2.66178 40 3 2 6 2 1.77898 8.64946e-05
322 2.67104 40 3 2 6 2 1.7784 8.42761e-05
323 2.6803 40 3 2 6 2 1.77775 8.76542e-05
324 2.68956 40 3 2 6 2 1.77729 8.68874e-05
325 2.69883 40 3 2 6 2 1.7768 7.02215e-05
326 2.70809 40 3 2 6 2 1.77632 7.26179e-05
327 2.71736 40 3 2 6 2 1.77566 5.35565e-06
328 2.72663 40 3 2 6 2 1.77516 8.94195e-05
329 2.7359 40 3 2 6 2 1.77473 5.95159e-05
330 2.74517 40 3 2 6 2 1.77443 5.30792e-05
331 2.75445 40 3 2 6 2 1.77397 7.24039e-05
332 2.76373 40 3 2 6 2 1.7735 5.94248e-05
333 2.773 40 3 2 6 2 1.77307 5.83771e-05
334 2.78228 40 3 2 6 2 1.77264 5.94404e-05
335 2.79156 40 3 2 6 2 1.7722 6.10198e-05
336 2.80084 40 3 2 6 2 1.77199 4.12015e-05
337 2.81013 40 3 2 6 2 1.77159 7.14321e-05
338 2.81941 40 3 2 6 2 1.77112 6.40603e-05
339 2.8287 40 3 2 6 2 1.77062 5.70186e-05
340 2.83799 40 3 2 6 2 1.77016 0.000174261
341 2.84728 40 3 2 6 2 1.7696 1.55002e-05
342 2.85657 40 3 2 6 2 1.76914 8.06381e-05
343 2.86586 40 3 2 6 2 1.76858 7.52064e-05
344 2.87515 40 3 2 6 2 1.76805 6.87103e-05
345 2.88445 40 3 2 6 2 1.7675 6.02572e-05
346 2.89374 40 3 2 6 2 1.76698 5.57578e-05
347 2.90304 40 3 2 6 2 1.7664 5.30374e-05
348 2.91234 40 3 2 6 2 1.76595 5.03446e-05
349 2.92164 40 3 2 6 2 1.76547 4.72164e-05
350 2.93094 40 3 2 6 2 1.76492 4.80225e-05
351 2.94025 40 4 2 6 2 1.76454 5.16801e-05
352 2.94955 40 3 2 6 2 1.76415 4.44538e-05
353 2.95886 40 3 2 6 2 1.76375 4.30116e-05
354 2.96817 40 3 2 6 2 1.76338 5.12327e-05
355 2.97747 40 3 2 6 2 1.76304 5.35874e-05
356 2.98678 40 3 2 6 2 1.76266 5.3325e-05
357 2.9961 40 3 2 6 2 1.76234 5.63401e-05
358 3.00541 40 3 2 6 2 1.76196 5.81726e-05
359 3.01472 40 3 2 6 2 1.76162 5.99635e-05
360 3.02404 40 3 2 6 2 1.76126 6.00712e-05
361 3.03335 40 3 2 6 2 1.76087 6.02062e-05
362 3.04267 40 3 2 6 2 1.7605 6.13757e-05
363 3.05199 40 2 2 6 2 1.76011 6.06439e-05
364 3.06131 40 3 2 6 2 1.75968 4.7109e-05
365 3.07063 40 3 2 6 2 1.75928 5.85431e-05
366 3.07995 40 3 2 6 2 1.75884 6.07246e-05
367 3.08928 40 3 2 6 2 1.75842 4.82913e-05
368 3.0986 40 3 2 6 2 1.75797 5.31736e-05
369 3.10793 40 3 2 6 2 1.75754 6.28015e-05
370 3.11726 40 2 2 6 2 1.75718 3.69907e-05
371 3.12658 40 2 2 6 2 1.75678 4.9887e-05
372 3.13591 40 3 2 6 2 1.75637 4.37259e-05
373 3.14525 40 3 2 6 2 1.75596 4.38893e-05
374 3.15458 40 3 2 6 2 1.75561 4.14237e-05
375 3.16391 40 3 2 6 2 1.75522 4.66801e-05
376 3.17325 40 3 2 6 2 1.75485 4.45566e-05
377 3.18258 40 3 2 6 2 1.75447 4.55017e-05
378 3.19192 40 3 2 6 2 1.75409 1.09548e-05
379 3.20126 40 3 2 6 2 1.75366 3.49565e-05
380 3.21059 40 3 2 6 2 1.75331 6.08696e-05
381 3.21993 40 3 2 6 2 1.75295 3.97936e-05
382 3.22927 40 3 2 6 2 1.75256 4.15295e-05
383 3.23862 40 3 2 6 2 1.7522 4.50723e-05
384 3.24796 40 3 2 6 2 1.75185 4.20455e-05
385 3.25731 40 3 2 6 2 1.75144 5.77896e-05
386 3.26665 40 3 2 6 2 1.75102 2.78199e-05
387 3.276 40 3 2 6 2 1.75068 2.72234e-05
388 3.28534 40 3 2 6 2 1.75035 2.26553e-05
389 3.29469 40 3 2 6 2 1.75 2.60482e-05
390 3.30404 40 3 2 6 2 1.7497 1.56703e-05
391 3.31339 40 3 2 6 2 1.74933 1.26599e-05
392 3.32274 40 3 2 6 2 1.74904 1.73514e-05
393 3.3321 40 3 2 6 2 1.74871 1.19737e-05
394 3.34145 40 3 2 6 2 1.74854 2.51442e-06
395 3.3508 40 4 2 6 2 1.74826 2.11216e-05
396 3.36016 40 3 2 6 2 1.74792 1.34607e-05
397 3.36952 40 3 2 6 2 1.7487 1.59762e-05
398 3.37887 40 3 2 6 2 1.74829 1.3559e-05
399 3.38823 40 3 2 6 2 1.74793 1.56942e-05
400 3.39759 40 3 2 6 2 1.74768 1.39796e-05
401 3.40695 40 3 2 6 2 1.74684 3.93791e-06
402 3.41631 40 3 2 6 2 1.74632 2.7695e-05
403 3.42568 40 3 2 6 2 1.74585 1.82928e-05
404 3.43504 40 3 2 6 2 1.74525 1.96997e-05
405 3.4444 40 3 2 6 2 1.74457 1.93487e-05
406 3.45377 40 3 2 6 2 1.74394 1.17235e-05
407 3.46313 40 3 2 6 2 1.7434 2.1205e-05
408 3.4725 40 3 2 6 2 1.74289 9.58723e-06
409 3.48187 40 3 2 6 2 1.74245 1.54384e-05
410 3.49124 40 3 2 6 2 1.74209 1.32655e-05
411 3.50061 40 3 2 6 2 1.74177 1.18471e-06
412 3.50998 40 3 2 6 2 1.74154 1.52306e-05
413 3.51935 40 3 2 6 2 1.74135 -4.48745e-07
414 3.52872 40 3 2 6 2 1.74119 6.45174e-06
415 3.53809 40 3 2 6 2 1.74103 3.41419e-06
416 3.54747 40 3 2 6 2 1.74089 1.55657e-07
417 3.55684 40 3 2 6 2 1.74076 4.22668e-06
418 3.56622 40 3 2 6 2 1.7406 1.9385e-07
419 3.5756 40 3 2 6 2 1.74037 -8.58129e-07
420 3.58497 40 3 2 6 2 1.74017 -1.02847e-06
421 3.59435 40 3 2 6 2 1.73989 -2.6618e-06
422 3.60373 40 3 2 6 2 1.73961 -3.04584e-05
423 3.61311 40 3 2 6 2 1.73929 -3.71587e-06
424 3.62249 40 3 2 6 2 1.73894 -1.19337e-05
425 3.63187 40 3 2 6 2 1.73854 -1.31409e-05
426 3.64126 40 3 2 6 2 1.73813 -7.49046e-06
427 3.65064 40 3 2 6 2 1.73775 -1.43379e-05
428 3.66002 40 3 2 6 2 1.73737 -1.44812e-06
429 3.66941 40 3 2 6 2 1.73694 -2.04784e-06
430 3.6788 40 3 2 6 2 1.73657 1.47653e-06
431 3.68818 40 3 2 6 2 1.7362 -5.01205e-07
432 3.69757 40 3 2 6 2 1.73584 -6.17311e-06
433 3.70696 40 3 2 6 2 1.73553 5.96865e-06
434 3.71635 40 3 2 6 2 1.73518 4.99467e-07
435 3.72574 40 3 2 6 2 1.7349 -4.48346e-07
436 3.73513 40 3 2 6 2 1.7346 -1.43958e-06
437 3.74452 40 3 2 6 2 1.73433 -2.31509e-06
438 3.75391 40 3 2 6 2 1.7341 -3.64834e-06
439 3.76331 40 3 2 6 2 1.73384 -4.24396e-06
440 3.7727 40 3 2 6 2 1.73364 -9.86376e-06
441 3.7821 40 3 2 6 2 1.73336 -1.23861e-05
442 3.79149 40 3 2 6 2 1.7331 -1.35572e-05
443 3.80089 40 3 2 6 2 1.73285 -1.89992e-05
444 3.81029 40 3 2 6 2 1.73258 -1.75143e-05
445 3.81969 40 3 2 6 2 1.73231 -1.89331e-05
446 3.82909 40 3 2 6 2 1.73192 -3.05284e-05
447 3.83849 40 3 2 6 2 1.73163 -2.18064e-05
448 3.84789 40 3 2 6 2 1.73138 -2.30162e-05
449 3.85729 40 3 2 6 2 1.73107 -2.37713e-05
450 3.86669 40 3 2 6 2 1.73088 -2.03465e-05
451 3.8761 40 3 2 6 2 1.73052 -2.25367e-05
452 3.8855 40 3 2 6 2 1.73024 -2.58269e-05
453 3.8949 40 3 2 6 2 1.73002 -1.40733e-05
454 3.90431 40 3 2 6 2 1.72974 -1.42437e-05
455 3.91372 40 4 2 6 2 1.72943 8.25235e-06
456 3.92312 40 3 2 6 2 1.72918 -3.09704e-05
457 3.93253 40 3 2 6 2 1.72891 -1.82443e-05
458 3.94194 40 3 2 6 2 1.72862 -3.1964e-05
459 3.95135 40 3 2 6 2 1.7283 -1.31021e-05
460 3.96076 40 3 2 6 2 1.72804 -1.71226e-05
461 3.97017 40 3 2 6 2 1.72774 -2.23883e-05
462 3.97959 40 3 2 6 2 1.72744 -1.97054e-05
463 3.989 40 3 2 6 2 1.72714 -1.87783e-05
464 3.99841 40 3 2 6 2 1.72682 -2.66856e-05
465 4.00783 40 3 2 6 2 1.72651 -3.04151e-05
466 4.01724 40 3 2 6 2 1.72628 -2.7617e-05
467 4.02666 40 2 2 6 2 1.72603 -3.37424e-05
468 4.03608 40 3 2 6 2 1.72576 -5.11829e-05
469 4.04549 40 3 2 6 2 1.72547 -4.08192e-05
470 4.05491 40 3 2 6 2 1.72525 -4.77378e-05
471 4.06433 40 3 2 6 2 1.725 -5.12766e-05
472 4.07375 40 3 2 6 2 1.72476 -5.43299e-05
473 4.08317 40 3 2 6 2 1.72453 -5.24287e-05
474 4.09259 40 3 2 6 2 1.7243 -5.70836e-05
475 4.10201 40 3 2 6 2 1.72404 -5.81627e-05
476 4.11144 40 3 2 6 2 1.72385 -5.93193e-05
477 4.12086 40 3 2 6 2 1.72358 -5.65042e-05
478 4.13028 40 3 2 6 2 1.72333 -6.10741e-05
479 4.13971 40 3 2 6 2 1.72308 -5.8284e-05
480 4.14914 40 3 2 6 2 1.72281 -5.91235e-05
481 4.15856 40 3 2 6 2 1.72254 -6.48256e-05
482 4.16799 40 2 2 6 2 1.72227 -6.21982e-05
483 4.17742 40 2 2 6 2 1.72195 -7.03302e-05
484 4.18685 40 2 2 6 2 1.7217 -6.40585e-05
485 4.19628 40 3 2 6 2 1.7215 -7.31485e-05
486 4.20571 40 3 2 6 2 1.72117 -5.98469e-05
487 4.21514 40 3 2 6 2 1.72091 -8.20273e-05
488 4.22457 40 3 2 6 2 1.72063 -5.35335e-05
489 4.234 40 3 2 6 2 1.72038 -6.83005e-05
490 4.24343 40 3 2 6 2 1.72015 -6.40757e-05
491 4.25287 40 3 2 6 2 1.71991 -8.85654e-05
492 4.2623 40 3 2 6 2 1.71966 -4.06121e-05
493 4.27174 40 3 2 6 2 1.71943 -7.45302e-05
494 4.28118 40 3 2 6 2 1.71922 -6.53988e-05
495 4.29061 40 3 2 6 2 1.71902 -6.03106e-05
496 4.30005 40 3 2 6 2 1.71878 -6.09121e-05
497 4.30949 40 3 2 6 2 1.71855 -6.82625e-05
498 4.31893 40 2 2 6 2 1.71831 -5.71537e-05
499 4.32837 40 3 2 6 2 1.71807 -8.26665e-05
500 4.33781 40 2 2 6 2 1.71783 -6.2786e-05
501 4.34725 40 3 2 6 2 1.71751 -7.94805e-05
502 4.35669 40 3 2 6 2 1.71729 -6.18174e-05
503 4.36613 40 3 2 6 2 1.71705 -6.90453e-05
504 4.37557 40 3 2 6 2 1.71679 -6.79216e-05
505 4.38502 40 3 2 6 2 1.71654 -6.65899e-05
506 4.39446 40 2 2 6 2 1.71631 -6.98723e-05
507 4.40391 40 3 2 6 2 1.71608 -7.52491e-05
508 4.41335 40 3 2 6 2 1.71599 -4.89126e-05
509 4.4228 40 3 2 6 2 1.71573 -7.12313e-05
510 4.43225 40 3 2 6 2 1.71555 -6.49664e-05
511 4.44169 40 3 2 6 2 1.71535 -6.09253e-05
512 4.45114 40 3 2 6 2 1.71515 -5.32671e-05
513 4.46059 40 3 2 6 2 1.71488 -7.22979e-05
514 4.47004 40 3 2 6 2 1.71467 -6.42727e-05
515 4.47949 40 3 2 6 2 1.71441 -6.75621e-05
516 4.48894 40 3 2 6 2 1.71417 -6.38169e-05
517 4.4984 40 3 2 6 2 1.7139 -4.75045e-05
518 4.50785 40 3 2 6 2 1.71364 -6.35258e-05
519 4.5173 40 3 2 6 2 1.71339 -5.75872e-05
520 4.52676 40 3 2 6 2 1.71312 -6.65827e-05
521 4.53621 40 3 2 6 2 1.71288 -5.4941e-05
522 4.54567 40 3 2 6 2 1.71267 -7.83134e-05
523 4.55512 40 2 2 6 2 1.71243 -5.34206e-05
524 4.56458 40 3 2 6 2 1.71219 -9.10312e-05
525 4.57404 40 2 2 6 2 1.71204 -7.02641e-05
526 4.58349 40 3 2 6 2 1.71183 -7.60969e-05
527 4.59295 40 3 2 6 2 1.71163 -5.92826e-05
528 4.60241 40 3 2 6 2 1.71144 -7.89518e-05
529 4.61187 40 3 2 6 2 1.71125 -6.98402e-05
530 4.62133 40 3 2 6 2 1.71105 -7.63991e-05
531 4.63079 40 3 2 6 2 1.71086 -6.24516e-05
532 4.64025 40 3 2 6 2 1.71065 -6.73199e-05
533 4.64971 40 3 2 6 2 1.71044 -6.58191e-05
534 4.65918 40 3 2 6 2 1.71022 -6.74762e-05
535 4.66864 40 3 2 6 2 1.71001 -7.08929e-05
536 4.6781 40 3 2 6 2 1.7098 -6.81359e-05
537 4.68757 40 3 2 6 2 1.70958 -6.1539e-05
538 4.69703 40 3 2 6 2 1.70972 0.00113016
539 4.7065 40 3 2 6 2 1.7098 -0.000297419
540 4.71596 40 2 2 6 2 1.70958 -4.09201e-05
541 4.72543 40 3 2 6 2 1.70936 7.19279e-06
542 4.7349 40 3 2 6 2 1.70915 -6.24282e-05
543 4.74437 40 3 2 6 2 1.70894 -0.000143671
544 4.75384 40 3 2 6 2 1.70867 -0.000200491
545 4.76331 40 3 2 6 2 1.70837 -0.00024485
546 4.77278 40 3 2 6 2 1.70805 -0.000272598
547 4.78225 40 2 2 6 2 1.70769 -0.000281304
548 4.79172 40 3 2 6 2 1.70738 -0.000285105
549 4.80119 40 3 2 6 2 1.7067 -0.00132119
550 4.81066 40 3 2 6 2 1.70612 2.29287e-05
551 4.82013 40 2 2 6 2 1.70581 -0.000190841
552 4.82961 40 3 2 6 2 1.70582 0.000994201
553 4.83908 40 3 2 6 2 1.70603 -0.000313986
554 4.84856 40 2 2 6 2 1.70584 5.89403e-05
555 4.85803 40 3 2 6 2 1.70572 0.000184774
556 4.86751 40 3 2 6 2 1.70566 0.000196448
557 4.87698 40 3 2 6 2 1.70564 0.000159458
558 4.88646 40 3 2 6 2 1.70563 0.000116826
559 4.89594 40 3 2 6 2 1.70547 7.10237e-05
560 4.90542 40 3 2 6 2 1.70539 1.9538e-05
561 4.9149 40 3 2 6 2 1.70525 -3.06629e-05
562 4.92438 40 3 2 6 2 1.70504 -8.18495e-05
563 4.93386 40 3 2 6 2 1.70485 -0.000116486
564 4.94334 40 3 2 6 2 1.7046 -0.000152746
565 4.95282 40 2 2 6 2 1.70434 -0.000171511
566 4.9623 40 3 2 6 2 1.70407 -0.000188316
567 4.97178 40 2 2 6 2 1.7038 -0.000176184
568 4.98127 40 2 2 6 2 1.70353 -0.000179148
569 4.99075 40 3 2 6 2 1.70324 -0.000175116
570 5.00023 40 3 2 6 2 1.70302 -0.000120093
571 5.00972 40 3 2 6 2 1.70276 -0.000117214
572 5.0192 40 3 2 6 2 1.70254 -6.48249e-05
573 5.02869 40 3 2 6 2 1.70233 -3.65347e-05
574 5.03818 40 3 2 6 2 1.70218 -8.23848e-06
575 5.04766 40 3 2 6 2 1.70201 2.15642e-05
576 5.05715 40 2 2 6 2 1.70185 3.44897e-05
577 5.06664 40 2 2 6 2 1.70169 4.9574e-05
578 5.07613 40 2 2 6 2 1.70155 5.7583e-05
579 5.08562 40 3 2 6 2 1.70144 5.72513e-05
580 5.09511 40 2 2 6 2 1.7013 5.2424e-05
581 5.1046 40 2 2 6 2 1.70117 4.08047e-05
582 5.11409 40 2 2 6 2 1.70106 1.91828e-05
583 5.12358 40 3 2 6 2 1.7009 4.56357e-06
584 5.13307 40 3 2 6 2 1.70074 -8.19809e-06
585 5.14256 40 3 2 6 2 1.7006 -1.71551e-05
586 5.15206 40 3 2 6 2 1.70044 -4.38845e-05
587 5.16155 40 3 2 6 2 1.70026 -5.21053e-05
588 5.17104 40 3 2 6 2 1.70007 -6.61479e-05
589 5.18054 40 3 2 6 2 1.69988 -7.24139e-05
590 5.19003 40 3 2 6 2 1.69968 -7.84325e-05
591 5.19953 40 3 2 6 2 1.69947 -8.22678e-05
592 5.20902 40 3 2 6 2 1.69926 -7.78332e-05
593 5.21852 40 3 2 6 2 1.69908 -7.11309e-05
594 5.22802 40 3 2 6 2 1.69886 -6.4521e-05
595 5.23751 40 2 2 6 2 1.69868 -5.43437e-05
596 5.24701 40 2 2 6 2 1.69849 -5.65238e-05
597 5.25651 40 3 2 6 2 1.69831 -3.47851e-05
598 5.26601 40 3 2 6 2 1.69822 -2.92198e-05
599 5.27551 40 3 2 6 2 1.69801 -2.16323e-05
600 5.28501 40 3 2 6 2 1.69789 -1.5729e-05
601 5.29451 40 3 2 6 2 1.69773 -8.97613e-06
602 5.30401 40 3 2 6 2 1.6976 -9.12943e-06
603 5.31352 40 3 2 6 2 1.69745 -1.72111e-06
604 5.32302 40 3 2 6 2 1.69728 -9.81522e-06
605 5.33252 40 3 2 6 2 1.69714 -8.9577e-06
606 5.34202 40 3 2 6 2 1.69702 -1.5213e-05
607 5.35153 40 3 2 6 2 1.69683 -1.93295e-05
608 5.36103 40 3 2 6 2 1.69669 -2.75388e-05
609 5.37054 40 3 2 6 2 1.69653 -2.99011e-05
610 5.38004 40 3 2 6 2 1.69633 -3.30017e-05
611 5.38955 40 3 2 6 2 1.69618 -3.55297e-05
612 5.39906 40 3 2 6 2 1.696 -3.36902e-05
613 5.40856 40 3 2 6 2 1.69583 -4.95606e-05
614 5.41807 40 3 2 6 2 1.69574 -1.18764e-05
615 5.42758 40 3 2 6 2 1.69553 -3.05184e-05
616 5.43709 40 3 2 6 2 1.69539 -1.8988e-05
617 5.4466 40 3 2 6 2 1.69524 -8.17763e-06
618 5.45611 40 3 2 6 2 1.69512 -5.23743e-06
619 5.46562 40 3 2 6 2 1.69496 1.72646e-06
620 5.47513 40 3 2 6 2 1.69481 6.06147e-06
621 5.48464 40 2 2 6 2 1.69465 1.29502e-05
622 5.49415 40 3 2 6 2 1.69449 1.61797e-05
623 5.50366 40 3 2 6 2 1.69438 2.13886e-05
624 5.51317 40 3 2 6 2 1.69424 2.48197e-05
625 5.52268 40 3 2 6 2 1.69409 2.42519e-05
626 5.5322 40 2 2 6 2 1.69392 2.49532e-05
627 5.54171 40 3 2 6 2 1.69374 1.63136e-05
628 5.55122 40 3 2 6 2 1.69361 2.54888e-05
629 5.56074 40 3 2 6 2 1.69345 1.77736e-05
630 5.57025 40 3 2 6 2 1.6933 2.20081e-05
631 5.57977 40 2 2 6 2 1.69314 2.00365e-05
632 5.58929 40 2 2 6 2 1.69298 1.86603e-05
633 5.5988 40 3 2 6 2 1.69283 1.0717e-05
634 5.60832 40 3 2 6 2 1.69268 2.89232e-05
635 5.61784 40 3 2 6 2 1.69252 1.55757e-05
636 5.62735 40 3 2 6 2 1.69239 2.20471e-05
637 5.63687 40 3 2 6 2 1.69224 2.11092e-05
638 5.64639 40 3 2 6 2 1.69208 2.34989e-05
639 5.65591 40 3 2 6 2 1.69196 2.43501e-05
640 5.66543 40 2 2 6 2 1.69184 2.45087e-05
641 5.67495 40 3 2 6 2 1.69167 2.06806e-05
642 5.68447 40 3 2 6 2 1.69155 3.23942e-05
643 5.69399 40 3 2 6 2 1.69141 3.48322e-05
644 5.70351 40 2 2 6 2 1.69128 3.41014e-05
645 5.71303 40 2 2 6 2 1.69115 3.26527e-05
646 5.72256 40 3 2 6 2 1.69101 3.35553e-05
647 5.73208 40 3 2 6 2 1.69089 4.4088e-05
648 5.7416 40 3 2 6 2 1.69076 4.07987e-05
649 5.75113 40 3 2 6 2 1.6906 4.29877e-05
650 5.76065 40 3 2 6 2 1.69047 4.27735e-05
651 5.77017 40 2 2 6 2 1.69033 4.62492e-05
652 5.7797 40 2 2 6 2 1.69019 4.34227e-05
653 5.78922 40 2 2 6 2 1.69005 4.40889e-05
654 5.79875 40 3 2 6 2 1.68994 4.38898e-05
655 5.80828 40 3 2 6 2 1.68979 4.79215e-05
656 5.8178 40 3 2 6 2 1.68964 3.54072e-05
657 5.82733 40 3 2 6 2 1.68954 4.95414e-05
658 5.83686 40 3 2 6 2 1.68938 4.85678e-05
659 5.84638 40 3 2 6 2 1.68925 5.02355e-05
660 5.85591 40 3 2 6 2 1.68911 5.13073e-05
661 5.86544 40 3 2 6 2 1.68896 4.98937e-05
662 5.87497 40 3 2 6 2 1.68885 5.06408e-05
663 5.8845 40 3 2 6 2 1.6887 5.1336e-05
664 5.89403 40 3 2 6 2 1.68863 5.9314e-05
665 5.90356 40 3 2 6 2 1.68846 4.79226e-05
666 5.91309 40 2 2 6 2 1.68834 5.33743e-05
667 5.92262 40 3 2 6 2 1.68823 5.48037e-05
668 5.93215 40 3 2 6 2 1.68805 5.24535e-05
669 5.94169 40 3 2 6 2 1.68797 6.11033e-05
670 5.95122 40 3 2 6 2 1.68782 5.56114e-05
671 5.96075 40 3 2 6 2 1.68769 6.14032e-05
672 5.97028 40 2 2 6 2 1.68756 4.87274e-05
673 5.97982 40 2 2 6 2 1.68742 5.03854e-05
674 5.98935 40 3 2 6 2 1.6873 4.93412e-05
675 5.99889 40 3 2 6 2 1.68719 5.01034e-05
676 6.00842 40 3 2 6 2 1.68705 4.84664e-05
677 6.01795 40 3 2 6 2 1.68692 5.10141e-05
678 6.02749 40 3 2 6 2 1.68685 5.95475e-05
679 6.03703 40 2 2 6 2 1.68677 4.3225e-05
680 6.04656 40 2 2 6 2 1.68663 4.16055e-05
681 6.0561 40 3 2 6 2 1.68651 4.37905e-05
682 6.06564 40 3 2 6 2 1.68642 4.62555e-05
683 6.07517 40 2 2 6 2 1.68629 4.30522e-05
684 6.08471 40 3 2 6 2 1.68617 4.39201e-05
685 6.09425 40 2 2 6 2 1.68605 4.53985e-05
686 6.10379 40 3 2 6 2 1.68591 3.86379e-05
687 6.11333 40 3 2 6 2 1.68579 5.13515e-05
688 6.12287 40 2 2 6 2 1.68566 5.02569e-05
689 6.13241 40 3 2 6 2 1.68551 4.88111e-05
690 6.14195 40 3 2 6 2 1.68534 5.43344e-05
691 6.15149 40 3 2 6 2 1.68526 5.7515e-05
692 6.16103 40 3 2 6 2 1.68511 5.83788e-05
693 6.17057 40 3 2 6 2 1.68498 5.58685e-05
694 6.18011 40 3 2 6 2 1.68486 5.39315e-05
695 6.18966 40 3 2 6 2 1.68475 5.96539e-05
696 6.1992 40 3 2 6 2 1.68463 5.62086e-05
697 6.20874 40 3 2 6 2 1.68453 5.51782e-05
698 6.21828 40 3 2 6 2 1.68443 5.32755e-05
699 6.22783 40 3 2 6 2 1.6843 4.95854e-05
700 6.23737 40 3 2 6 2 1.68421 5.66482e-05
701 6.24692 40 3 2 6 2 1.68411 5.94108e-05
702 6.25646 40 3 2 6 2 1.684 6.48131e-05
703 6.266 40 3 2 6 2 1.68388 5.59387e-05
704 6.27555 40 2 2 6 2 1.68378 6.39162e-05
705 6.28509 40 3 2 6 2 1.68368 6.0639e-05
706 6.29464 40 3 2 6 2 1.68357 6.02048e-05
707 6.30419 40 3 2 6 2 1.68346 6.28852e-05
708 6.31373 40 2 2 6 2 1.68335 5.42967e-05
709 6.32328 40 2 2 6 2 1.68325 5.21726e-05
710 6.33283 40 2 2 6 2 1.68315 4.8565e-05
711 6.34238 40 2 2 6 2 1.68302 4.12256e-05
712 6.35192 40 2 2 6 2 1.6829 4.00288e-05
713 6.36147 40 3 2 6 2 1.6828 3.50077e-05
714 6.37102 40 3 2 6 2 1.68269 3.89474e-05
715 6.38057 40 3 2 6 2 1.68259 3.74417e-05
716 6.39012 40 3 2 6 2 1.68247 3.0911e-05
717 6.39967 40 2 2 6 2 1.68234 3.39235e-05
718 6.40922 40 2 2 6 2 1.6823 4.99468e-05
719 6.41877 40 3 2 6 2 1.68214 3.60509e-05
720 6.42832 40 3 2 6 2 1.68202 3.86848e-05
721 6.43787 40 3 2 6 2 1.68192 4.60534e-05
722 6.44742 40 3 2 6 2 1.6818 4.36958e-05
723 6.45697 40 3 2 6 2 1.68166 3.92329e-05
724 6.46653 40 3 2 6 2 1.68158 5.02267e-05
725 6.47608 40 3 2 6 2 1.68145 4.12205e-05
726 6.48563 40 3 2 6 2 1.68136 2.91651e-05
727 6.49519 40 3 2 6 2 1.68124 2.89319e-05
728 6.50474 40 3 2 6 2 1.68115 2.18887e-05
729 6.51429 40 3 2 6 2 1.68106 2.56758e-05
730 6.52385 40 3 2 6 2 1.68097 2.15792e-05
731 6.5334 40 2 2 6 2 1.68088 2.03055e-05
732 6.54296 40 3 2 6 2 1.68079 2.03151e-05
733 6.55251 40 3 2 6 2 1.68069 3.279e-05
734 6.56207 40 3 2 6 2 1.6806 1.75058e-05
735 6.57162 40 3 2 6 2 1.6805 2.52544e-05
736 6.58118 40 3 2 6 2 1.6804 2.8752e-05
737 6.59074 40 3 2 6 2 1.68034 3.43398e-05
738 6.60029 40 3 2 6 2 1.68021 3.79153e-05
739 6.60985 40 3 2 6 2 1.68012 4.08546e-05
740 6.61941 40 3 2 6 2 1.68001 3.58082e-05
741 6.62896 40 3 2 6 2 1.6799 5.14622e-05
742 6.63852 40 2 2 6 2 1.67979 4.50895e-05
743 6.64808 40 3 2 6 2 1.67968 3.8215e-05
744 6.65764 40 2 2 6 2 1.67956 4.78264e-05
745 6.6672 40 2 2 6 2 1.67945 4.33892e-05
746 6.67676 40 2 2 6 2 1.67934 4.21922e-05
747 6.68632 40 3 2 6 2 1.67922 3.96867e-05
748 6.69588 40 3 2 6 2 1.67912 4.10867e-05
749 6.70544 40 3 2 6 2 1.67902 4.57001e-05
750 6.71499 40 3 2 6 2 1.67892 3.75795e-05
751 6.72456 40 3 2 6 2 1.67882 4.02271e-05
752 6.73412 40 3 2 6 2 1.67873 3.3937e-05
753 6.74368 40 2 2 6 2 1.67864 4.38342e-05
754 6.75324 40 3 2 6 2 1.67853 2.81856e-05
755 6.7628 40 2 2 6 2 1.67847 3.86557e-05
756 6.77236 40 2 2 6 2 1.67839 4.9569e-05
757 6.78193 40 3 2 6 2 1.6783 3.10646e-05
758 6.79149 40 2 2 6 2 1.67821 4.35325e-05
759 6.80105 40 2 2 6 2 1.67811 3.51018e-05
760 6.81062 40 2 2 6 2 1.67801 3.90216e-05
761 6.82018 40 3 2 6 2 1.67795 4.32416e-05
762 6.82974 40 3 2 6 2 1.67786 3.98233e-05
763 6.83931 40 2 2 6 2 1.67775 4.53093e-05
764 6.84887 40 3 2 6 2 1.67765 2.10485e-05
765 6.85844 40 3 2 6 2 1.67759 4.84509e-05
766 6.868 40 2 2 6 2 1.67748 3.88908e-05
767 6.87757 40 3 2 6 2 1.67737 3.42076e-05
768 6.88713 40 3 2 6 2 1.67728 4.06721e-05
769 6.8967 40 2 2 6 2 1.67721 3.71913e-05
770 6.90627 40 2 2 6 2 1.67705 3.42922e-05
771 6.91583 40 2 2 6 2 1.67702 4.05712e-05
772 6.9254 40 2 2 6 2 1.67694 4.38361e-05
773 6.93496 40 2 2 6 2 1.67685 3.96337e-05
774 6.94453 40 2 2 6 2 1.67674 3.88953e-05
775 6.9541 40 3 2 6 2 1.67664 4.13552e-05
776 6.96367 40 3 2 6 2 1.67657 4.66796e-05
777 6.97324 40 2 2 6 2 1.67644 0.000254086
778 6.9828 40 2 2 6 2 1.67633 0.000225186
779 6.99237 40 2 2 6 2 1.67617 0.00021482
780 7.00194 40 2 2 6 2 1.67611 0.000227698
781 7.01151 40 3 2 6 2 1.67602 0.000242996
782 7.02108 40 2 2 6 2 1.67588 1.26851e-05
783 7.03065 40 2 2 6 2 1.67577 4.09486e-06
784 7.04022 40 3 2 6 2 1.67569 -1.73912e-05
785 7.04979 40 2 2 6 2 1.6756 -5.8733e-05
786 7.05936 40 2 2 6 2 1.67552 -0.000103536
787 7.06893 40 3 2 6 2 1.67545 -0.000122998
788 7.0785 40 3 2 6 2 1.67537 -0.000136562
789 7.08807 40 3 2 6 2 1.6753 -0.000128864
790 7.09764 40 3 2 6 2 1.67523 -0.000116263
791 7.10722 40 3 2 6 2 1.67516 -8.97177e-05
792 7.11679 40 3 2 6 2 1.67511 -5.87288e-05
793 7.12636 40 3 2 6 2 1.67502 -2.47983e-05
794 7.13593 40 3 2 6 2 1.67493 1.19547e-05
795 7.14551 40 2 2 6 2 1.67486 4.00758e-05
796 7.15508 40 2 2 6 2 1.67478 6.62078e-05
797 7.16465 40 3 2 6 2 1.67468 9.85847e-05
798 7.17423 40 2 2 6 2 1.67459 0.000118859
799 7.1838 40 3 2 6 2 1.67452 0.00012589
800 7.19337 40 3 2 6 2 1.67441 0.000132578
801 7.20295 40 2 2 6 2 1.67433 0.000133878
802 7.21252 40 3 2 6 2 1.67423 0.000117909
803 7.2221 40 2 2 6 2 1.67416 0.00010982
804 7.23167 40 2 2 6 2 1.67405 8.29698e-05
805 7.24125 40 2 2 6 2 1.67397 6.83503e-05
806 7.25082 40 2 2 6 2 1.67389 4.33016e-05
807 7.2604 40 2 2 6 2 1.67381 1.76729e-05
808 7.26998 40 3 2 6 2 1.6737 -1.39175e-05
809 7.27955 40 2 2 6 2 1.67364 -9.2472e-06
810 7.28913 40 2 2 6 2 1.67358 -3.04196e-05
811 7.29871 40 3 2 6 2 1.67348 -2.83709e-05
812 7.30828 40 2 2 6 2 1.67341 -4.40129e-05
813 7.31786 40 2 2 6 2 1.67334 -3.50068e-05
814 7.32744 40 3 2 6 2 1.67326 -2.32716e-05
815 7.33702 40 3 2 6 2 1.6732 -2.74911e-05
816 7.3466 40 3 2 6 2 1.67312 -1.42371e-05
817 7.35618 40 3 2 6 2 1.67305 -3.67434e-06
818 7.36575 40 2 2 6 2 1.67298 6.04592e-06
819 7.37533 40 2 2 6 2 1.67291 1.41269e-05
820 7.38491 40 3 2 6 2 1.67286 1.45969e-05
821 7.39449 40 2 2 6 2 1.67281 3.95134e-05
822 7.40407 40 3 2 6 2 1.67267 3.75833e-05
823 7.41365 40 2 2 6 2 1.67261 4.15582e-05
824 7.42323 40 3 2 6 2 1.67254 3.9342e-05
825 7.43282 40 3 2 6 2 1.67246 3.96458e-05
826 7.4424 40 3 2 6 2 1.67239 3.10007e-05
827 7.45198 40 3 2 6 2 1.67232 2.55997e-05
828 7.46156 40 2 2 6 2 1.67224 2.25087e-05
829 7.47114 40 2 2 6 2 1.67215 1.23713e-05
830 7.48072 40 3 2 6 2 1.67207 6.84116e-06
831 7.49031 40 3 2 6 2 1.67197 2.89616e-06
832 7.49989 40 3 2 6 2 1.67191 2.65692e-06
833 7.50947 40 2 2 6 2 1.67183 -1.23749e-06
834 7.51905 40 3 2 6 2 1.67167 -1.03185e-05
835 7.52864 40 2 2 6 2 1.67168 1.94012e-06
836 7.53822 40 2 2 6 2 1.67156 -1.76903e-06
837 7.5478 40 3 2 6 2 1.67148 6.13537e-07
838 7.55739 40 3 2 6 2 1.67143 3.62193e-06
839 7.56697 40 3 2 6 2 1.67135 1.44089e-05
840 7.57656 40 3 2 6 2 1.67128 1.19798e-05
841 7.58614 40 3 2 6 2 1.67123 3.72399e-05
842 7.59573 40 2 2 6 2 1.67117 3.97194e-05
843 7.60531 40 3 2 6 2 1.67112 3.82543e-05
844 7.6149 40 2 2 6 2 1.67105 1.92609e-05
845 7.62448 40 2 2 6 2 1.67099 4.18882e-05
846 7.63407 40 3 2 6 2 1.67092 3.04648e-05
847 7.64365 40 2 2 6 2 1.67084 2.11917e-05
848 7.65324 40 2 2 6 2 1.67076 1.54311e-05
849 7.66283 40 3 2 6 2 1.67072 1.59227e-05
850 7.67241 40 3 2 6 2 1.67064 1.31201e-05
851 7.682 40 2 2 6 2 1.67055 6.73717e-06
852 7.69159 40 2 2 6 2 1.67048 9.21286e-06
853 7.70118 40 2 2 6 2 1.67041 1.03662e-05
854 7.71076 40 2 2 6 2 1.67032 1.59907e-05
855 7.72035 40 2 2 6 2 1.67024 -6.76135e-07
856 7.72994 40 2 2 6 2 1.67018 7.95914e-06
857 7.73952 40 3 2 6 2 1.6701 4.75952e-06
858 7.74911 40 3 2 6 2 1.67003 3.54433e-05
859 7.7587 40 2 2 6 2 1.66995 2.33487e-05
860 7.76829 40 3 2 6 2 1.66983 1.78859e-05
861 7.77788 40 3 2 6 2 1.66981 5.34844e-06
862 7.78747 40 3 2 6 2 1.66974 2.94406e-05
863 7.79706 40 3 2 6 2 1.66965 2.12579e-05
864 7.80665 40 3 2 6 2 1.6696 2.13158e-05
865 7.81624 40 3 2 6 2 1.66954 8.44912e-06
866 7.82583 40 3 2 6 2 1.66947 1.0217e-05
867 7.83542 40 2 2 6 2 1.66941 1.1383e-05
868 7.84501 40 2 2 6 2 1.66936 9.75433e-06
869 7.8546 40 2 2 6 2 1.66928 1.91531e-06
870 7.86419 40 3 2 6 2 1.66921 2.77242e-06
871 7.87378 40 3 2 6 2 1.66917 3.09534e-05
872 7.88337 40 2 2 6 2 1.66909 2.11087e-05
873 7.89297 40 3 2 6 2 1.66906 2.38554e-05
874 7.90256 40 3 2 6 2 1.66897 -2.21184e-06
875 7.91215 40 3 2 6 2 1.66889 1.0451e-05
876 7.92174 40 2 2 6 2 1.66886 1.30818e-05
877 7.93133 40 3 2 6 2 1.66875 1.48218e-05
878 7.94092 40 2 2 6 2 1.6687 9.43474e-06
879 7.95052 40 2 2 6 2 1.66863 -3.72544e-06
880 7.96011 40 2 2 6 2 1.66854 1.55117e-06
881 7.9697 40 1 2 6 2 1.66847 1.88674e-06
882 7.9793 40 3 2 6 2 1.6684 -1.55715e-06
883 7.98889 40 2 2 6 2 1.66835 -1.12998e-06
884 7.99849 40 3 2 6 2 1.66827 2.16479e-05
885 8.00808 40 3 2 6 2 1.66821 1.33551e-05
886 8.01767 40 3 2 6 2 1.66815 1.56666e-05
887 8.02727 40 3 2 6 2 1.6681 -9.2938e-06
888 8.03686 40 3 2 6 2 1.66802 1.38911e-06
889 8.04645 40 2 2 6 2 1.66796 1.33501e-06
890 8.05605 40 3 2 6 2 1.66781 -1.3985e-05
891 8.06565 40 3 2 6 2 1.66782 -4.0968e-06
892 8.07524 40 2 2 6 2 1.66776 -3.00834e-06
893 8.08484 40 2 2 6 2 1.66768 -6.25627e-06
894 8.09443 40 3 2 6 2 1.66762 -1.13676e-05
895 8.10403 40 3 2 6 2 1.66755 -8.07042e-06
896 8.11363 40 3 2 6 2 1.6675 -8.93889e-06
897 8.12322 40 3 2 6 2 1.66745 1.95158e-05
898 8.13282 40 2 2 6 2 1.66738 9.36169e-06
899 8.14241 40 3 2 6 2 1.66733 1.10141e-05
900 8.15201 40 3 2 6 2 1.66728 -7.06459e-06
901 8.16161 40 3 2 6 2 1.66721 5.66834e-06
902 8.17121 40 3 2 6 2 1.66715 -1.95218e-06
903 8.1808 40 2 2 6 2 1.66711 6.16332e-07
904 8.1904 40 2 2 6 2 1.66702 -5.6851e-06
905 8.2 40 1 2 6 2 1.66696 -1.03618e-05
906 8.2096 40 2 2 6 2 1.6669 -8.20068e-06
907 8.2192 40 3 2 6 2 1.66685 -1.45552e-05
908 8.2288 40 3 2 6 2 1.66678 -7.36207e-06
909 8.23839 40 3 2 6 2 1.66673 -1.68134e-05
910 8.24799 40 2 2 6 2 1.66668 -7.98963e-06
911 8.25759 40 3 2 6 2 1.66662 -4.41996e-06
912 8.26719 40 3 2 6 2 1.66655 -6.17517e-06
913 8.27679 40 3 2 6 2 1.66649 -2.86031e-06
914 8.28639 40 2 2 6 2 1.66643 -4.06605e-07
915 8.29599 40 3 2 6 2 1.66637 -2.53604e-07
916 8.30559 40 2 2 6 2 1.6663 1.62109e-06
917 8.31519 40 3 2 6 2 1.66623 3.23986e-07
918 8.32479 40 2 2 6 2 1.66616 -4.981e-07
919 8.33439 40 2 2 6 2 1.66611 6.16622e-06
920 8.34399 40 2 2 6 2 1.66606 -1.33567e-05
921 8.35359 40 3 2 6 2 1.66594 1.01817e-05
922 8.36319 40 2 2 6 2 1.66591 -7.52236e-06
923 8.37279 40 2 2 6 2 1.66583 -8.55852e-06
924 8.38239 40 1 2 6 2 1.66577 -1.08016e-05
925 8.392 40 2 2 6 2 1.66572 -9.9909e-06
926 8.4016 40 3 2 6 2 1.66572 -1.99726e-06
927 8.4112 40 2 2 6 2 1.66561 -1.57295e-05
928 8.4208 40 2 2 6 2 1.66552 -0.000302989
929 8.43041 40 3 2 6 2 1.66528 -1.52912e-05
930 8.44001 40 2 2 6 2 1.66506 -2.63545e-05
931 8.44961 40 2 2 6 2 1.66506 -3.10312e-05
932 8.45921 40 2 2 6 2 1.66505 -1.81887e-05
933 8.46882 40 2 2 6 2 1.66497 6.40422e-06
934 8.47842 40 3 2 6 2 1.66492 1.57939e-05
935 8.48802 40 2 2 6 2 1.66492 4.37826e-05
936 8.49762 40 2 2 6 2 1.6649 5.11968e-05
937 8.50723 40 2 2 6 2 1.66493 5.84891e-05
938 8.51683 40 2 2 6 2 1.66484 -0.000140009
939 8.52644 40 3 2 6 2 1.66483 5.65296e-05
940 8.53604 40 3 2 6 2 1.66491 6.63655e-05
941 8.54565 40 2 2 6 2 1.66486 2.50545e-05
942 8.55525 40 2 2 6 2 1.66484 2.77233e-05
943 8.56486 40 3 2 6 2 1.66481 1.95502e-05
944 8.57446 40 3 2 6 2 1.66477 2.06305e-05
945 8.58407 40 2 2 6 2 1.66469 1.06202e-05
946 8.59367 40 2 2 6 2 1.66468 9.88389e-06
947 8.60328 40 2 2 6 2 1.66458 8.76037e-06
948 8.61288 40 2 2 6 2 1.6645 5.30993e-06
949 8.62249 40 2 2 6 2 1.66442 -1.17749e-05
950 8.63209 40 3 2 6 2 1.66433 -7.13853e-06
951 8.6417 40 3 2 6 2 1.66425 -6.99183e-06
952 8.65131 40 3 2 6 2 1.66416 -9.76676e-06
953 8.66091 40 2 2 6 2 1.66409 -1.00783e-05
954 8.67052 40 2 2 6 2 1.66404 -1.32119e-05
955 8.68013 40 3 2 6 2 1.66396 -7.17435e-06
956 8.68974 40 3 2 6 2 1.66391 5.90927e-06
957 8.69934 40 3 2 6 2 1.66384 -4.90554e-05
958 8.70895 40 2 2 6 2 1.66375 2.80439e-05
959 8.71856 40 2 2 6 2 1.66368 -2.96893e-05
960 8.72816 40 2 2 6 2 1.66362 5.56289e-06
961 8.73777 40 3 2 6 2 1.66354 -1.29174e-05
962 8.74738 40 2 2 6 2 1.6635 2.35283e-05
963 8.75699 40 2 2 6 2 1.66347 2.13252e-05
964 8.7666 40 3 2 6 2 1.66344 1.93703e-05
965 8.77621 40 2 2 6 2 1.66341 2.63288e-05
966 8.78581 40 2 2 6 2 1.66339 2.36028e-05
967 8.79542 40 2 2 6 2 1.66337 7.74678e-06
968 8.80503 40 2 2 6 2 1.66329 1.18293e-05
969 8.81464 40 2 2 6 2 1.66329 3.50473e-05
970 8.82425 40 3 2 6 2 1.66325 1.32449e-05
971 8.83386 40 3 2 6 2 1.6632 1.50688e-05
972 8.84347 40 2 2 6 2 1.66317 1.02699e-05
973 8.85308 40 2 2 6 2 1.66312 7.23462e-06
974 8.86269 40 2 2 6 2 1.66305 -1.06195e-06
975 8.8723 40 2 2 6 2 1.66301 -3.28279e-06
976 8.88191 40 2 2 6 2 1.66295 -5.69733e-06
977 8.89152 40 2 2 6 2 1.6629 -8.55368e-06
978 8.90113 40 2 2 6 2 1.66283 -1.13409e-05
979 8.91074 40 2 2 6 2 1.66278 -1.01826e-05
980 8.92035 40 3 2 6 2 1.66276 -7.15692e-06
981 8.92997 40 3 2 6 2 1.66262 -0.000307737
982 8.93958 40 3 2 6 2 1.66261 4.77969e-05
983 8.94919 40 2 2 6 2 1.66259 -1.12789e-05
984 8.9588 40 2 2 6 2 1.6625 -2.50819e-05
985 8.96841 40 3 2 6 2 1.66243 4.1027e-05
986 8.97802 40 2 2 6 2 1.66231 1.77961e-05
987 8.98763 40 3 2 6 2 1.66214 7.42409e-05
988 8.99725 40 3 2 6 2 1.66214 4.54727e-05
989 9.00686 40 2 2 6 2 1.66209 6.11984e-05
990 9.01647 40 2 2 6 2 1.66203 7.92986e-05
991 9.02608 40 2 2 6 2 1.66196 6.77154e-05
992 9.0357 40 2 2 6 2 1.66193 3.53112e-05
993 9.04531 40 2 2 6 2 1.6619 3.15294e-05
994 9.05492 40 3 2 6 2 1.66189 1.54804e-05
995 9.06454 40 2 2 6 2 1.66187 6.55212e-06
996 9.07415 40 2 2 6 2 1.66186 -1.51804e-05
997 9.08377 40 2 2 6 2 1.66185 -2.48538e-05
998 9.09338 40 3 2 6 2 1.66183 -3.56805e-05
999 9.10299 40 2 2 6 2 1.66179 -8.9221e-05
1000 9.11261 40 2 2 6 2 1.66175 -7.56394e-05
1001 9.12222 40 2 2 6 2 1.66174 -2.22317e-05
1002 9.13183 40 2 2 6 2 1.66165 -5.04186e-05
1003 9.14145 40 3 2 6 2 1.66162 -3.84021e-05
1004 9.15106 40 2 2 6 2 1.66159 -2.37553e-05
1005 9.16068 40 2 2 6 2 1.6615 -1.64293e-05
1006 9.17029 40 2 2 6 2 1.66145 -5.17151e-06
1007 9.17991 40 3 2 6 2 1.6614 1.23584e-05
1008 9.18953 40 2 2 6 2 1.66113 0.000723022
1009 9.19914 40 2 2 6 2 1.66076 -0.000148367
1010 9.20876 40 2 2 6 2 1.6607 3.02771e-05
1011 9.21837 40 3 2 6 2 1.66092 -0.000845641
1012 9.22799 40 3 2 6 2 1.66133 0.00020615
1013 9.23761 40 2 2 6 2 1.66122 -6.11429e-05
1014 9.24722 40 3 2 6 2 1.66123 -0.000118281
1015 9.25684 40 2 2 6 2 1.66127 -0.000107318
1016 9.26645 40 3 2 6 2 1.66129 -7.15192e-05
1017 9.27607 40 2 2 6 2 1.6613 -3.23874e-05
1018 9.28569 40 3 2 6 2 1.66126 -6.28526e-06
1019 9.2953 40 3 2 6 2 1.66118 2.58275e-05
1020 9.30492 40 3 2 6 2 1.6611 4.1965e-05
1021 9.31454 40 3 2 6 2 1.661 5.83942e-05
1022 9.32415 40 2 2 6 2 1.66087 6.15534e-05
1023 9.33377 40 2 2 6 2 1.66075 6.11335e-05
1024 9.34339 40 2 2 6 2 1.66062 5.38068e-05
1025 9.35301 40 2 2 6 2 1.6605 4.2343e-05
1026 9.36263 40 3 2 6 2 1.66039 2.84008e-05
1027 9.37225 40 3 2 6 2 1.6603 1.27347e-05
1028 9.38186 40 2 2 6 2 1.66025 -4.48825e-06
1029 9.39148 40 3 2 6 2 1.66014 -3.69693e-05
1030 9.4011 40 2 2 6 2 1.66011 -4.80038e-05
1031 9.41072 40 2 2 6 2 1.6601 -5.9093e-05
1032 9.42034 40 2 2 6 2 1.66008 -6.95474e-05
1033 9.42996 40 2 2 6 2 1.66006 -8.28328e-05
1034 9.43957 40 2 2 6 2 1.66006 -8.00317e-05
1035 9.44919 40 3 2 6 2 1.66007 -7.82446e-05
1036 9.45881 40 3 2 6 2 1.66006 -7.3708e-05
1037 9.46843 40 2 2 6 2 1.66006 -6.34136e-05
1038 9.47805 40 2 2 6 2 1.66005 -5.38158e-05
1039 9.48767 40 2 2 6 2 1.66003 -3.52929e-05
1040 9.49729 40 3 2 6 2 1.6599 0.00069021
1041 9.50691 40 2 2 6 2 1.65944 -0.000187409
1042 9.51653 40 2 2 6 2 1.65937 -6.34052e-06
1043 9.52616 40 2 2 6 2 1.65976 -0.00109882
1044 9.53578 40 3 2 6 2 1.65997 3.87953e-05
1045 9.5454 40 3 2 6 2 1.65983 -0.000280942
1046 9.55502 40 2 2 6 2 1.65989 -0.000550454
1047 9.56464 40 2 2 6 2 1.65991 -0.000460223
1048 9.57426 40 2 2 6 2 1.65988 -0.000409663
1049 9.58388 40 2 2 6 2 1.65985 -0.000363779
1050 9.5935 40 3 2 6 2 1.6598 -0.000295119
1051 9.60312 40 2 2 6 2 1.65972 -0.000218406
1052 9.61274 40 2 2 6 2 1.65961 -0.000126082
1053 9.62236 40 2 2 6 2 1.6595 -3.89681e-05
1054 9.63198 40 2 2 6 2 1.65938 4.21303e-05
1055 9.64161 40 3 2 6 2 1.65925 0.000111114
1056 9.65123 40 2 2 6 2 1.65915 0.000169844
1057 9.66085 40 2 2 6 2 1.65906 0.000217375
1058 9.67048 40 2 2 6 2 1.65887 0.000262411
1059 9.6801 40 2 2 6 2 1.65879 0.000260795
1060 9.68972 40 2 2 6 2 1.65868 0.00023218
1061 9.69934 40 2 2 6 2 1.65866 0.000194348
1062 9.70897 40 2 2 6 2 1.65865 0.000176315
1063 9.71859 40 2 2 6 2 1.65864 0.000129022
1064 9.72821 40 2 2 6 2 1.65862 8.10609e-05
1065 9.73784 40 3 2 6 2 1.65865 2.95786e-05
1066 9.74746 40 2 2 6 2 1.65866 -5.84339e-06
1067 9.75708 40 3 2 6 2 1.65882 0.000233761
1068 9.7667 40 3 2 6 2 1.65876 0.000102489
1069 9.77633 40 2 2 6 2 1.65879 0.000110468
1070 9.78595 40 2 2 6 2 1.6588 0.00012593
1071 9.79557 40 3 2 6 2 1.65879 0.00013344
1072 9.8052 40 2 2 6 2 1.65877 0.000138361
1073 9.81482 40 3 2 6 2 1.65872 0.000142403
1074 9.82445 40 3 2 6 2 1.65865 0.000127299
1075 9.83407 40 3 2 6 2 1.6586 0.000126441
1076 9.8437 40 2 2 6 2 1.65853 0.000107889
1077 9.85332 40 3 2 6 2 1.65843 0.000103301
1078 9.86295 40 2 2 6 2 1.65835 8.92914e-05
1079 9.87257 40 2 2 6 2 1.65827 7.99008e-05
1080 9.8822 40 2 2 6 2 1.65819 7.20571e-05
1081 9.89183 40 3 2 6 2 1.65811 6.38697e-05
1082 9.90145 40 2 2 6 2 1.65802 5.82705e-05
1083 9.91108 40 2 2 6 2 1.65798 6.15545e-05
1084 9.9207 40 2 2 6 2 1.65793 6.08316e-05
1085 9.93033 40 3 2 6 2 1.65789 5.64134e-05
1086 9.93995 40 2 2 6 2 1.65787 6.23772e-05
1087 9.94958 40 2 2 6 2 1.65784 6.95078e-05
1088 9.9592 40 2 2 6 2 1.65783 7.54365e-05
1089 9.96883 40 3 2 6 2 1.65787 8.50154e-05
1090 9.97845 40 2 2 6 2 1.65781 8.91961e-05
1091 9.98808 40 2 2 6 2 1.65776 8.43063e-05
1092 9.99771 40 2 2 6 2 1.65775 9.69693e-05
1093 10.0073 40 2 2 6 2 1.65774 9.75862e-05
1094 10.017 40 2 2 6 2 1.65773 0.000102579
1095 10.0266 40 3 2 6 2 1.65771 0.000102536
1096 10.0362 40 3 2 6 2 1.65766 9.55485e-05
1097 10.0458 40 3 2 6 2 1.65762 9.18023e-05
1098 10.0555 40 2 2 6 2 1.65759 8.56049e-05
1099 10.0651 40 2 2 6 2 1.65756 7.94723e-05
1100 10.0747 40 2 2 6 2 1.65748 6.08263e-05
1101 10.0844 40 2 2 6 2 1.65743 5.90228e-05
1102 10.094 40 3 2 6 2 1.65741 5.25492e-05
1103 10.1036 40 3 2 6 2 1.65734 4.779e-05
1104 10.1132 40 2 2 6 2 1.65729 4.13784e-05
1105 10.1229 40 2 2 6 2 1.65723 3.48217e-05
1106 10.1325 40 2 2 6 2 1.65719 3.31335e-05
1107 10.1421 40 2 2 6 2 1.65717 3.44562e-05
1108 10.1517 40 2 2 6 2 1.65712 3.37897e-05
1109 10.1614 40 2 2 6 2 1.65709 3.39325e-05
1110 10.171 40 2 2 6 2 1.65706 3.58428e-05
1111 10.1806 40 2 2 6 2 1.65704 3.76544e-05
1112 10.1903 40 2 2 6 2 1.65706 5.3108e-05
1113 10.1999 40 3 2 6 2 1.65693 2.83786e-05
1114 10.2095 40 2 2 6 2 1.65697 5.37615e-05
1115 10.2192 40 3 2 6 2 1.65698 5.6829e-05
1116 10.2288 40 3 2 6 2 1.65683 2.01323e-05
1117 10.2384 40 2 2 6 2 1.65683 5.51152e-05
1118 10.248 40 1 2 6 2 1.6568 4.4291e-05
1119 10.2577 40 1 2 6 2 1.65678 4.49063e-05
1120 10.2673 40 2 2 6 2 1.65673 3.83955e-05
1121 10.2769 40 3 2 6 2 1.65667 3.27778e-05
1122 10.2866 40 2 2 6 2 1.65664 3.31168e-05
1123 10.2962 40 2 2 6 2 1.65661 3.44054e-05
1124 10.3058 40 2 2 6 2 1.65657 3.19051e-05
1125 10.3154 40 3 2 6 2 1.65654 2.98914e-05
1126 10.3251 40 2 2 6 2 1.6565 2.4358e-05
1127 10.3347 40 1 2 6 2 1.65647 2.42125e-05
1128 10.3443 40 2 2 6 2 1.65644 2.33566e-05
1129 10.354 40 2 2 6 2 1.65643 2.67509e-05
1130 10.3636 40 2 2 6 2 1.65642 2.70023e-05
1131 10.3732 40 2 2 6 2 1.65635 2.43254e-05
1132 10.3829 40 2 2 6 2 1.65631 2.20561e-05
1133 10.3925 40 3 2 6 2 1.65629 2.23916e-05
1134 10.4021 40 2 2 6 2 1.65626 2.90398e-05
1135 10.4118 40 2 2 6 2 1.65622 2.76107e-05
1136 10.4214 40 2 2 6 2 1.65618 2.9773e-05
1137 10.431 40 2 2 6 2 1.65614 3.00006e-05
1138 10.4407 40 3 2 6 2 1.65612 3.24183e-05
1139 10.4503 40 2 2 6 2 1.65608 3.36723e-05
1140 10.4599 40 2 2 6 2 1.65604 3.42284e-05
1141 10.4696 40 3 2 6 2 1.65601 3.39614e-05
1142 10.4792 40 2 2 6 2 1.65598 3.41859e-05
1143 10.4888 40 2 2 6 2 1.65594 3.66808e-05
1144 10.4984 40 2 2 6 2 1.65589 3.54667e-05
1145 10.5081 40 2 2 6 2 1.65585 3.24644e-05
1146 10.5177 40 2 2 6 2 1.65584 3.47905e-05
1147 10.5273 40 3 2 6 2 1.65581 3.41934e-05
1148 10.537 40 3 2 6 2 1.65576 3.13351e-05
1149 10.5466 40 2 2 6 2 1.65573 3.0387e-05
1150 10.5562 40 2 2 6 2 1.6557 2.9014e-05
1151 10.5659 40 2 2 6 2 1.65567 2.73633e-05
1152 10.5755 40 2 2 6 2 1.65563 3.00873e-05
1153 10.5851 40 2 2 6 2 1.6556 2.64564e-05
1154 10.5948 40 2 2 6 2 1.65559 2.29354e-05
1155 10.6044 40 3 2 6 2 1.65554 2.37063e-05
1156 10.614 40 2 2 6 2 1.65551 2.43152e-05
1157 10.6237 40 3 2 6 2 1.65548 2.51426e-05
1158 10.6333 40 2 2 6 2 1.65545 2.7005e-05
1159 10.6429 40 2 2 6 2 1.65546 3.41259e-05
1160 10.6526 40 2 2 6 2 1.65537 2.74381e-05
1161 10.6622 40 3 2 6 2 1.65538 3.61285e-05
1162 10.6718 40 2 2 6 2 1.65532 2.44969e-05
1163 10.6815 40 1 2 6 2 1.6553 3.16897e-05
1164 10.6911 40 1 2 6 2 1.65528 2.81857e-05
1165 10.7008 40 3 2 6 2 1.65524 2.66386e-05
1166 10.7104 40 3 2 6 2 1.65518 9.90018e-06
1167 10.72 40 2 2 6 2 1.65515 2.47052e-05
1168 10.7297 40 2 2 6 2 1.65505 -1.91081e-06
1169 10.7393 40 2 2 6 2 1.65511 9.90886e-06
1170 10.7489 40 2 2 6 2 1.65505 1.8497e-05
1171 10.7586 40 2 2 6 2 1.65501 5.52253e-06
1172 10.7682 40 2 2 6 2 1.65498 7.09224e-06
1173 10.7778 40 3 2 6 2 1.65492 7.30988e-06
1174 10.7875 40 2 2 6 2 1.65493 1.15071e-05
1175 10.7971 40 3 2 6 2 1.65489 8.54648e-06
1176 10.8067 40 2 2 6 2 1.65489 1.10577e-05
1177 10.8164 40 2 2 6 2 1.65484 8.34938e-06
1178 10.826 40 1 2 6 2 1.65483 9.89781e-06
1179 10.8356 40 2 2 6 2 1.6548 9.19324e-06
1180 10.8453 40 3 2 6 2 1.65477 8.50785e-06
1181 10.8549 40 2 2 6 2 1.65474 1.12813e-05
1182 10.8645 40 2 2 6 2 1.65472 1.12832e-05
1183 10.8742 40 2 2 6 2 1.65469 9.91412e-06
1184 10.8838 40 2 2 6 2 1.65465 5.97687e-06
1185 10.8935 40 2 2 6 2 1.65462 1.11222e-05
1186 10.9031 40 2 2 6 2 1.65458 9.57412e-06
1187 10.9127 40 2 2 6 2 1.65455 5.99175e-06
1188 10.9224 40 2 2 6 2 1.65453 6.12633e-06
1189 10.932 40 2 2 6 2 1.6545 1.29811e-05
1190 10.9416 40 3 2 6 2 1.65444 3.6765e-06
1191 10.9513 40 3 2 6 2 1.65441 -9.68827e-06
1192 10.9609 40 2 2 6 2 1.65437 -7.98634e-06
1193 10.9706 40 2 2 6 2 1.65433 3.15968e-05
1194 10.9802 40 2 2 6 2 1.65429 -2.2214e-05
1195 10.9898 40 2 2 6 2 1.65425 7.68602e-06
1196 10.9995 40 2 2 6 2 1.65418 -2.68031e-05
1197 11.0091 40 2 2 6 2 1.65418 -1.92168e-06
1198 11.0187 40 2 2 6 2 1.65412 -6.75488e-06
1199 11.0284 40 2 2 6 2 1.65409 -1.6083e-05
1200 11.038 40 2 2 6 2 1.65409 -3.22591e-06
1201 11.0477 40 2 2 6 2 1.65406 -1.28858e-07
1202 11.0573 40 3 2 6 2 1.65404 8.11441e-07
1203 11.0669 40 3 2 6 2 1.65401 -9.23331e-06
1204 11.0766 40 3 2 6 2 1.65419 4.43744e-05
1205 11.0862 40 2 2 6 2 1.65396 4.38366e-08
1206 11.0958 40 3 2 6 2 1.65391 -1.26164e-05
1207 11.1055 40 2 2 6 2 1.65392 -1.23816e-05
1208 11.1151 40 2 2 6 2 1.65403 3.37105e-06
1209 11.1248 40 3 2 6 2 1.65411 5.02055e-05
1210 11.1344 40 2 2 6 2 1.65379 -1.89788e-05
1211 11.144 40 2 2 6 2 1.65373 -8.61793e-06
1212 11.1537 40 2 2 6 2 1.65374 -2.04746e-05
1213 11.1633 40 2 2 6 2 1.6538 -1.29841e-05
1214 11.173 40 3 2 6 2 1.65374 -9.15698e-06
1215 11.1826 40 3 2 6 2 1.65363 -2.81227e-05
1216 11.1922 40 2 2 6 2 1.65383 2.16922e-05
1217 11.2019 40 2 2 6 2 1.6537 1.63964e-06
1218 11.2115 40 3 2 6 2 1.65351 -3.17905e-05
1219 11.2212 40 3 2 6 2 1.65352 -3.91715e-05
1220 11.2308 40 2 2 6 2 1.65375 2.0046e-05
1221 11.2404 40 3 2 6 2 1.6536 -1.18124e-05
1222 11.2501 40 3 2 6 2 1.65341 -4.19797e-05
1223 11.2597 40 3 2 6 2 1.65345 -3.4242e-05
1224 11.2694 40 2 2 6 2 1.6534 -3.42116e-05
1225 11.279 40 2 2 6 2 1.6535 -1.26576e-05
1226 11.2886 40 2 2 6 2 1.65356 -4.59348e-05
1227 11.2983 40 3 2 6 2 1.65322 -1.27583e-06
1228 11.3079 40 3 2 6 2 1.65324 -6.48237e-05
1229 11.3175 40 2 2 6 2 1.65353 1.27244e-05
1230 11.3272 40 3 2 6 2 1.65339 4.22955e-06
1231 11.3368 40 3 2 6 2 1.65313 -5.23589e-05
1232 11.3465 40 2 2 6 2 1.65344 1.69133e-05
1233 11.3561 40 3 2 6 2 1.65332 -6.28303e-07
1234 11.3658 40 3 2 6 2 1.65307 -4.9822e-05
1235 11.3754 40 2 2 6 2 1.65337 1.01651e-05
1236 11.385 40 3 2 6 2 1.65323 -3.79178e-06
1237 11.3947 40 3 2 6 2 1.65296 -7.17953e-05
1238 11.4043 40 3 2 6 2 1.65326 2.47615e-06
1239 11.414 40 3 2 6 2 1.653 -3.99618e-05
1240 11.4236 40 2 2 6 2 1.65288 -6.86068e-05
1241 11.4332 40 3 2 6 2 1.65293 -5.1805e-05
1242 11.4429 40 3 2 6 2 1.65314 -1.27019e-05
1243 11.4525 40 3 2 6 2 1.65282 -6.26016e-05
1244 11.4622 40 2 2 6 2 1.6527 -9.16024e-05
1245 11.4718 40 2 2 6 2 1.65283 -6.39033e-05
1246 11.4815 40 2 2 6 2 1.65296 -3.06269e-05
1247 11.4911 40 3 2 6 2 1.65285 -4.17368e-05
1248 11.5007 40 3 2 6 2 1.65281 -4.38888e-05
1249 11.5104 40 3 2 6 2 1.6528 -2.99176e-05
1250 11.52 40 3 2 6 2 1.65279 -3.86418e-05
1251 11.5297 40 3 2 6 2 1.65279 -2.82985e-05
1252 11.5393 40 2 2 6 2 1.65277 -2.72007e-05
1253 11.5489 40 2 2 6 2 1.65273 -3.0832e-05
1254 11.5586 40 2 2 6 2 1.65271 -2.9192e-05
1255 11.5682 40 3 2 6 2 1.65269 -2.65758e-05
1256 11.5779 40 2 2 6 2 1.65267 -3.29249e-05
1257 11.5875 40 2 2 6 2 1.65263 -3.43504e-05
1258 11.5972 40 2 2 6 2 1.65261 -3.7734e-05
1259 11.6068 40 2 2 6 2 1.65257 -4.39894e-05
1260 11.6164 40 2 2 6 2 1.65253 -4.36704e-05
1261 11.6261 40 2 2 6 2 1.65252 -4.18716e-05
1262 11.6357 40 3 2 6 2 1.65248 -5.15486e-05
1263 11.6454 40 3 2 6 2 1.65245 -5.18969e-05
1264 11.655 40 2 2 6 2 1.65242 -5.34893e-05
1265 11.6647 40 2 2 6 2 1.6524 -5.55456e-05
1266 11.6743 40 2 2 6 2 1.65237 -5.06422e-05
1267 11.684 40 2 2 6 2 1.65236 -5.50181e-05
1268 11.6936 40 2 2 6 2 1.65235 -5.47868e-05
1269 11.7032 40 2 2 6 2 1.65232 -6.66926e-05
1270 11.7129 40 2 2 6 2 1.65229 -5.15542e-05
1271 11.7225 40 2 2 6 2 1.65228 -5.25299e-05
1272 11.7322 40 2 2 6 2 1.65224 -5.4362e-05
1273 11.7418 40 2 2 6 2 1.65223 -6.0763e-05
1274 11.7515 40 1 2 6 2 1.65222 -5.20088e-05
1275 11.7611 40 2 2 6 2 1.65219 -5.27256e-05
1276 11.7707 40 2 2 6 2 1.65216 -5.57105e-05
1277 11.7804 40 2 2 6 2 1.65214 -5.33054e-05
1278 11.79 40 2 2 6 2 1.65214 -5.30911e-05
1279 11.7997 40 2 2 6 2 1.65213 -3.98024e-05
1280 11.8093 40 2 2 6 2 1.65201 -6.08654e-05
1281 11.819 40 2 2 6 2 1.65201 -5.76309e-05
1282 11.8286 40 2 2 6 2 1.65202 -4.97769e-05
1283 11.8383 40 2 2 6 2 1.65197 -5.15943e-05
1284 11.8479 40 2 2 6 2 1.65195 -5.27632e-05
1285 11.8575 40 2 2 6 2 1.65193 -5.55947e-05
1286 11.8672 40 3 2 6 2 1.65189 -5.51958e-05
1287 11.8768 40 2 2 6 2 1.65188 -5.76924e-05
1288 11.8865 40 2 2 6 2 1.65189 -6.69553e-05
1289 11.8961 40 2 2 6 2 1.65183 -4.43714e-05
1290 11.9058 40 3 2 6 2 1.65184 -3.79557e-05
1291 11.9154 40 3 2 6 2 1.6518 -6.57593e-05
1292 11.9251 40 2 2 6 2 1.65178 -5.76784e-05
1293 11.9347 40 1 2 6 2 1.65176 -5.76001e-05
1294 11.9443 40 2 2 6 2 1.65173 -5.7014e-05
1295 11.954 40 2 2 6 2 1.65171 -5.813e-05
1296 11.9636 40 2 2 6 2 1.65169 -6.35277e-05
1297 11.9733 40 2 2 6 2 1.65166 -7.27064e-05
1298 11.9829 40 2 2 6 2 1.65162 -7.33706e-05
1299 11.9926 40 2 2 6 2 1.65161 -5.81808e-05
1300 12.0022 40 2 2 6 2 1.65142 -0.000101804
1301 12.0119 40 3 2 6 2 1.65157 -6.59121e-05
1302 12.0215 40 3 2 6 2 1.65152 -8.18662e-05
1303 12.0312 40 3 2 6 2 1.65147 -8.6852e-05
1304 12.0408 40 3 2 6 2 1.65145 -8.64987e-05
1305 12.0505 40 3 2 6 2 1.65144 -8.8619e-05
1306 12.0601 40 3 2 6 2 1.65141 -9.19549e-05
1307 12.0698 40 3 2 6 2 1.65139 -0.00010114
1308 12.0794 40 3 2 6 2 1.65138 -8.02495e-05
1309 12.089 40 3 2 6 2 1.65135 -6.97072e-05
1310 12.0987 40 3 2 6 2 1.65133 -7.38024e-05
1311 12.1083 40 3 2 6 2 1.65126 -7.67371e-05
1312 12.118 40 3 2 6 2 1.65129 -6.37123e-05
1313 12.1276 40 3 2 6 2 1.65126 -6.38423e-05
1314 12.1373 40 3 2 6 2 1.65124 -6.84014e-05
1315 12.1469 40 2 2 6 2 1.65122 -6.72426e-05
1316 12.1566 40 3 2 6 2 1.6512 -7.02308e-05
1317 12.1662 40 2 2 6 2 1.65118 -7.3185e-05
1318 12.1759 40 2 2 6 2 1.65118 -7.99786e-05
1319 12.1855 40 2 2 6 2 1.65114 -8.9534e-05
1320 12.1952 40 2 2 6 2 1.65115 -8.99304e-05
1321 12.2048 40 2 2 6 2 1.65113 -8.64855e-05
1322 12.2145 40 2 2 6 2 1.65108 -0.000107381
1323 12.2241 40 2 2 6 2 1.6511 -9.87748e-05
1324 12.2337 40 3 2 6 2 1.65108 -9.44966e-05
1325 12.2434 40 2 2 6 2 1.65104 -0.00010678
1326 12.253 40 2 2 6 2 1.65103 -0.000111086
1327 12.2627 40 2 2 6 2 1.65101 -0.000106902
1328 12.2723 40 2 2 6 2 1.65096 -0.000111781
1329 12.282 40 1 2 6 2 1.65098 -0.000101691
1330 12.2916 40 1 2 6 2 1.65093 -0.000106114
1331 12.3013 40 1 2 6 2 1.65092 -0.00010342
1332 12.3109 40 3 2 6 2 1.65089 -0.000103209
1333 12.3206 40 3 2 6 2 1.65088 -9.95989e-05
1334 12.3302 40 2 2 6 2 1.65081 -0.000111108
1335 12.3399 40 2 2 6 2 1.65097 -7.38674e-05
1336 12.3495 40 2 2 6 2 1.65085 -9.00926e-05
1337 12.3592 40 3 2 6 2 1.65075 -0.00010358
1338 12.3688 40 3 2 6 2 1.65078 -9.58449e-05
1339 12.3785 40 2 2 6 2 1.65075 -0.00010005
1340 12.3881 40 2 2 6 2 1.65073 -0.000101517
1341 12.3978 40 2 2 6 2 1.6507 -0.000104117
1342 12.4074 40 2 2 6 2 1.65067 -0.000108494
1343 12.4171 40 2 2 6 2 1.65063 -0.000109555
1344 12.4267 40 3 2 6 2 1.65064 -0.000101034
1345 12.4364 40 3 2 6 2 1.65056 -0.000120466
1346 12.446 40 2 2 6 2 1.65067 -8.99234e-05
1347 12.4557 40 2 2 6 2 1.65057 -0.000112417
1348 12.4653 40 2 2 6 2 1.65051 -0.000115582
1349 12.475 40 3 2 6 2 1.65051 -0.000112336
1350 12.4846 40 2 2 6 2 1.65049 -0.000110585
1351 12.4943 40 2 2 6 2 1.65046 -0.000108756
1352 12.5039 40 2 2 6 2 1.65044 -0.000112327
1353 12.5136 40 2 2 6 2 1.65042 -9.4157e-05
1354 12.5232 40 3 2 6 2 1.65042 -0.000113976
1355 12.5329 40 3 2 6 2 1.65033 -0.000105957
1356 12.5425 40 2 2 6 2 1.65048 -7.77666e-05
1357 12.5522 40 2 2 6 2 1.65037 -9.23617e-05
1358 12.5618 40 2 2 6 2 1.65031 -0.000100451
1359 12.5715 40 2 2 6 2 1.65032 -9.52129e-05
1360 12.5811 40 2 2 6 2 1.65031 -8.70036e-05
1361 12.5907 40 2 2 6 2 1.6503 -7.6459e-05
1362 12.6004 40 3 2 6 2 1.65028 -6.59853e-05
1363 12.61 40 3 2 6 2 1.65019 -9.40924e-05
1364 12.6197 40 2 2 6 2 1.65034 -6.5558e-05
1365 12.6293 40 2 2 6 2 1.65025 -7.10227e-05
1366 12.639 40 2 2 6 2 1.65014 -8.93249e-05
1367 12.6486 40 3 2 6 2 1.65019 -8.03057e-05
1368 12.6583 40 3 2 6 2 1.65009 -9.92563e-05
1369 12.6679 40 3 2 6 2 1.65034 -5.48051e-05
1370 12.6776 40 2 2 6 2 1.65003 -0.000103616
1371 12.6872 40 3 2 6 2 1.65008 -8.80059e-05
1372 12.6969 40 2 2 6 2 1.65018 -7.47689e-05
1373 12.7065 40 2 2 6 2 1.65005 -9.38525e-05
1374 12.7162 40 2 2 6 2 1.65002 -9.30804e-05
1375 12.7259 40 3 2 6 2 1.64998 -0.000100907
1376 12.7355 40 3 2 6 2 1.64995 -9.58937e-05
1377 12.7452 40 3 2 6 2 1.65009 -6.476e-05
1378 12.7548 40 3 2 6 2 1.64987 -9.07652e-05
1379 12.7645 40 3 2 6 2 1.65004 -5.78785e-05
1380 12.7741 40 2 2 6 2 1.64993 -7.43131e-05
1381 12.7838 40 3 2 6 2 1.6499 -7.50958e-05
1382 12.7934 40 3 2 6 2 1.64983 -8.09014e-05
1383 12.8031 40 2 2 6 2 1.65004 -4.21556e-05
1384 12.8127 40 2 2 6 2 1.64992 -5.56175e-05
1385 12.8224 40 2 2 6 2 1.64984 -6.76198e-05
1386 12.832 40 2 2 6 2 1.64985 -5.94244e-05
1387 12.8417 40 2 2 6 2 1.64981 -0.000133977
1388 12.8513 40 2 2 6 2 1.64979 -3.42689e-05
1389 12.861 40 2 2 6 2 1.64978 -7.55205e-05
1390 12.8706 40 2 2 6 2 1.64974 -7.4402e-05
1391 12.8803 40 2 2 6 2 1.64971 -7.036e-05
1392 12.8899 40 3 2 6 2 1.6497 -6.57108e-05
1393 12.8996 40 3 2 6 2 1.64969 -6.07172e-05
1394 12.9092 40 2 2 6 2 1.64966 -4.23539e-05
1395 12.9189 40 3 2 6 2 1.64963 -4.77449e-05
1396 12.9285 40 3 2 6 2 1.64961 -4.67617e-05
1397 12.9382 40 3 2 6 2 1.64961 -3.96643e-05
1398 12.9478 40 2 2 6 2 1.64959 -4.02225e-05
1399 12.9575 40 3 2 6 2 1.64958 -4.07394e-05
1400 12.9671 40 2 2 6 2 1.64956 -4.82273e-05
1401 12.9768 40 3 2 6 2 1.64955 -5.17763e-05
1402 12.9864 40 3 2 6 2 1.64955 -3.26947e-05
1403 12.9961 40 2 2 6 2 1.64952 -4.1575e-05
1404 13.0057 40 2 2 6 2 1.64951 -4.37334e-05
1405 13.0154 40 2 2 6 2 1.64951 -4.20693e-05
1406 13.025 40 2 2 6 2 1.64949 -5.04889e-05
1407 13.0347 40 2 2 6 2 1.64948 -4.0478e-05
1408 13.0444 40 2 2 6 2 1.64939 -6.97916e-05
1409 13.054 40 2 2 6 2 1.64952 -1.16582e-05
1410 13.0637 40 3 2 6 2 1.64937 -4.13182e-05
1411 13.0733 40 3 2 6 2 1.64937 -4.4402e-05
1412 13.083 40 3 2 6 2 1.64939 -2.13243e-05
1413 13.0926 40 2 2 6 2 1.64939 -2.1968e-05
1414 13.1023 40 3 2 6 2 1.64935 -2.11983e-05
1415 13.1119 40 2 2 6 2 1.64933 -1.83038e-05
1416 13.1216 40 1 2 6 2 1.64931 -1.7993e-05
1417 13.1312 40 2 2 6 2 1.64929 -1.58431e-05
1418 13.1409 40 2 2 6 2 1.64927 -1.76448e-05
1419 13.1505 40 2 2 6 2 1.64927 1.02273e-05
1420 13.1602 40 3 2 6 2 1.64924 -3.32515e-05
1421 13.1698 40 3 2 6 2 1.64923 -2.1865e-05
1422 13.1795 40 2 2 6 2 1.6492 -2.18671e-05
1423 13.1892 40 2 2 6 2 1.64918 -1.91298e-05
1424 13.1988 40 3 2 6 2 1.64916 -2.51753e-05
1425 13.2085 40 2 2 6 2 1.64917 -2.85173e-05
1426 13.2181 40 2 2 6 2 1.64908 -0.00011117
1427 13.2278 40 3 2 6 2 1.64904 7.74849e-06
1428 13.2374 40 3 2 6 2 1.64906 -3.53125e-05
1429 13.2471 40 2 2 6 2 1.64904 -2.6997e-05
1430 13.2567 40 2 2 6 2 1.64903 -1.68183e-05
1431 13.2664 40 2 2 6 2 1.649 -1.4095e-05
1432 13.276 40 2 2 6 2 1.649 2.48765e-06
1433 13.2857 40 3 2 6 2 1.649 8.68062e-06
1434 13.2953 40 2 2 6 2 1.64896 7.25224e-06
1435 13.305 40 2 2 6 2 1.64897 1.57189e-05
1436 13.3147 40 3 2 6 2 1.64896 1.51627e-05
1437 13.3243 40 2 2 6 2 1.64896 1.85541e-05
1438 13.334 40 2 2 6 2 1.64895 1.70201e-05
1439 13.3436 40 2 2 6 2 1.64893 1.71015e-05
1440 13.3533 40 2 2 6 2 1.64892 1.50408e-05
1441 13.3629 40 2 2 6 2 1.64891 1.44945e-05
1442 13.3726 40 2 2 6 2 1.64889 1.08137e-05
1443 13.3822 40 2 2 6 2 1.64888 7.80462e-06
1444 13.3919 40 2 2 6 2 1.64887 9.81015e-06
1445 13.4015 40 3 2 6 2 1.64885 1.23084e-06
1446 13.4112 40 2 2 6 2 1.64882 -3.57889e-06
1447 13.4208 40 2 2 6 2 1.64879 -9.55147e-06
1448 13.4305 40 3 2 6 2 1.64876 9.44782e-06
1449 13.4402 40 3 2 6 2 1.64876 1.59356e-05
1450 13.4498 40 2 2 6 2 1.64875 1.41554e-05
1451 13.4595 40 2 2 6 2 1.64873 1.42769e-05
1452 13.4691 40 2 2 6 2 1.64871 1.81121e-05
1453 13.4788 40 2 2 6 2 1.6487 2.09174e-05
1454 13.4884 40 2 2 6 2 1.64868 2.33945e-05
1455 13.4981 40 2 2 6 2 1.64866 2.37825e-05
1456 13.5077 40 2 2 6 2 1.64865 2.53213e-05
1457 13.5174 40 2 2 6 2 1.64864 2.97484e-05
1458 13.527 40 2 2 6 2 1.64863 2.24108e-05
1459 13.5367 40 2 2 6 2 1.64861 4.11506e-05
1460 13.5463 40 2 2 6 2 1.6486 3.73833e-05
1461 13.556 40 2 2 6 2 1.64859 3.44193e-05
1462 13.5657 40 3 2 6 2 1.64858 4.23743e-05
1463 13.5753 40 2 2 6 2 1.64856 3.02396e-05
1464 13.585 40 2 2 6 2 1.64851 -4.41963e-05
1465 13.5946 40 2 2 6 2 1.6485 5.74332e-05
1466 13.6043 40 2 2 6 2 1.6485 2.14087e-05
1467 13.6139 40 3 2 6 2 1.64847 2.50497e-05
1468 13.6236 40 2 2 6 2 1.64844 1.94814e-05
1469 13.6333 40 2 2 6 2 1.64842 2.50286e-05
1470 13.6429 40 1 2 6 2 1.64841 4.48963e-05
1471 13.6526 40 2 2 6 2 1.6484 4.76358e-05
1472 13.6622 40 2 2 6 2 1.64838 5.57319e-05
1473 13.6719 40 2 2 6 2 1.64835 6.33923e-05
1474 13.6815 40 2 2 6 2 1.64834 6.51487e-05
1475 13.6912 40 2 2 6 2 1.64832 5.83715e-05
1476 13.7008 40 2 2 6 2 1.64829 6.89634e-05
1477 13.7105 40 2 2 6 2 1.64833 7.38813e-05
1478 13.7202 40 2 2 6 2 1.6483 5.98514e-05
1479 13.7298 40 2 2 6 2 1.64828 6.77966e-05
1480 13.7395 40 2 2 6 2 1.64827 6.61578e-05
1481 13.7491 40 1 2 6 2 1.64827 6.35729e-05
1482 13.7588 40 1 2 6 2 1.64825 6.25014e-05
1483 13.7684 40 1 2 6 2 1.64825 6.31566e-05
1484 13.7781 40 1 2 6 2 1.64825 6.28191e-05
1485 13.7878 40 1 2 6 2 1.64824 6.1482e-05
1486 13.7974 40 2 2 6 2 1.64822 6.07505e-05
1487 13.8071 40 3 2 6 2 1.6482 6.51541e-05
1488 13.8167 40 2 2 6 2 1.64818 5.34661e-05
1489 13.8264 40 2 2 6 2 1.64817 5.37418e-05
1490 13.836 40 2 2 6 2 1.64814 5.79267e-05
1491 13.8457 40 3 2 6 2 1.64813 7.135e-05
1492 13.8554 40 3 2 6 2 1.64811 7.02356e-05
1493 13.865 40 2 2 6 2 1.64809 7.2647e-05
1494 13.8747 40 2 2 6 2 1.64807 7.77717e-05
1495 13.8843 40 2 2 6 2 1.64806 7.8883e-05
1496 13.894 40 2 2 6 2 1.64805 9.19729e-05
1497 13.9036 40 3 2 6 2 1.64804 8.91894e-05
1498 13.9133 40 2 2 6 2 1.64802 8.71642e-05
1499 13.9229 40 2 2 6 2 1.64801 8.86985e-05
1500 13.9326 40 2 2 6 2 1.648 9.26928e-05
1501 13.9423 40 2 2 6 2 1.64798 7.90666e-05
1502 13.9519 40 2 2 6 2 1.64794 1.19398e-05
1503 13.9616 40 2 2 6 2 1.64794 0.000111552
1504 13.9712 40 2 2 6 2 1.64793 7.8924e-05
1505 13.9809 40 3 2 6 2 1.64796 7.51074e-05
1506 13.9905 40 2 2 6 2 1.64788 8.49115e-05
1507 14.0002 40 3 2 6 2 1.64784 9.30508e-05
1508 14.0099 40 2 2 6 2 1.64785 7.6799e-05
1509 14.0195 40 2 2 6 2 1.64784 8.39465e-05
1510 14.0292 40 2 2 6 2 1.64782 0.00010299
1511 14.0388 40 2 2 6 2 1.64781 0.000106856
1512 14.0485 40 2 2 6 2 1.64779 0.000106614
1513 14.0581 40 2 2 6 2 1.64778 0.000105049
1514 14.0678 40 2 2 6 2 1.64777 0.000100087
1515 14.0775 40 2 2 6 2 1.64776 0.000110174
1516 14.0871 40 3 2 6 2 1.64774 0.000105758
1517 14.0968 40 2 2 6 2 1.64776 0.000105888
1518 14.1064 40 1 2 6 2 1.64774 0.000104353
1519 14.1161 40 2 2 6 2 1.64773 0.000102707
1520 14.1257 40 2 2 6 2 1.64773 0.000103249
1521 14.1354 40 2 2 6 2 1.64773 0.000104122
1522 14.1451 40 1 2 6 2 1.64771 0.000101487
1523 14.1547 40 1 2 6 2 1.6477 0.000100005
1524 14.1644 40 2 2 6 2 1.64769 9.06965e-05
1525 14.174 40 2 2 6 2 1.64768 9.43076e-05
1526 14.1837 40 2 2 6 2 1.64766 9.32834e-05
1527 14.1934 40 2 2 6 2 1.64764 9.65558e-05
1528 14.203 40 2 2 6 2 1.64763 9.80099e-05
1529 14.2127 40 2 2 6 2 1.64763 0.000104697
1530 14.2223 40 2 2 6 2 1.64763 9.75822e-05
1531 14.232 40 2 2 6 2 1.64759 0.000107724
1532 14.2417 40 2 2 6 2 1.64753 0.00010639
1533 14.2513 40 2 2 6 2 1.64753 9.26642e-05
1534 14.261 40 2 2 6 2 1.64753 9.61273e-05
1535 14.2706 40 2 2 6 2 1.64751 9.44065e-05
1536 14.2803 40 2 2 6 2 1.64749 8.94279e-05
1537 14.2899 40 1 2 6 2 1.64747 8.63193e-05
1538 14.2996 40 1 2 6 2 1.64747 8.36193e-05
1539 14.3093 40 2 2 6 2 1.64746 7.98841e-05
1540 14.3189 40 1 2 6 2 1.64744 7.84429e-05
1541 14.3286 40 1 2 6 2 1.64743 7.85488e-05
1542 14.3382 40 2 2 6 2 1.64743 7.60369e-05
1543 14.3479 40 2 2 6 2 1.64743 7.53383e-05
1544 14.3576 40 1 2 6 2 1.64741 7.5349e-05
1545 14.3672 40 1 2 6 2 1.6474 7.63757e-05
1546 14.3769 40 1 2 6 2 1.64739 7.75179e-05
1547 14.3865 40 2 2 6 2 1.64739 7.82988e-05
1548 14.3962 40 2 2 6 2 1.64734 3.931e-06
1549 14.4059 40 2 2 6 2 1.64735 0.000110541
1550 14.4155 40 2 2 6 2 1.64735 7.09045e-05
1551 14.4252 40 2 2 6 2 1.64731 6.80611e-05
1552 14.4348 40 3 2 6 2 1.6473 9.78396e-05
1553 14.4445 40 3 2 6 2 1.64726 8.25699e-05
1554 14.4542 40 2 2 6 2 1.64725 9.0926e-05
1555 14.4638 40 2 2 6 2 1.64722 7.48604e-05
1556 14.4735 40 2 2 6 2 1.64721 0.000106299
1557 14.4831 40 2 2 6 2 1.6472 0.000100037
1558 14.4928 40 1 2 6 2 1.64719 9.49789e-05
1559 14.5024 40 1 2 6 2 1.64718 9.52686e-05
1560 14.5121 40 2 2 6 2 1.64717 9.02288e-05
1561 14.5218 40 2 2 6 2 1.64714 8.1477e-05
1562 14.5314 40 2 2 6 2 1.64718 9.30194e-05
1563 14.5411 40 2 2 6 2 1.64715 8.56537e-05
1564 14.5507 40 1 2 6 2 1.64714 8.18609e-05
1565 14.5604 40 2 2 6 2 1.64715 7.54787e-05
1566 14.5701 40 2 2 6 2 1.64716 7.69266e-05
1567 14.5797 40 2 2 6 2 1.64713 7.13994e-05
1568 14.5894 40 2 2 6 2 1.64713 6.61557e-05
1569 14.599 40 2 2 6 2 1.64713 5.96413e-05
1570 14.6087 40 2 2 6 2 1.64711 7.98802e-05
1571 14.6184 40 2 2 6 2 1.64706 6.43965e-05
1572 14.628 40 2 2 6 2 1.64704 4.86216e-05
1573 14.6377 40 2 2 6 2 1.64704 6.63267e-05
1574 14.6473 40 2 2 6 2 1.64703 6.0204e-05
1575 14.657 40 2 2 6 2 1.64701 5.67545e-05
1576 14.6667 40 2 2 6 2 1.64698 6.5659e-05
1577 14.6763 40 2 2 6 2 1.64697 5.34443e-05
1578 14.686 40 2 2 6 2 1.64696 5.74834e-05
1579 14.6956 40 2 2 6 2 1.64696 6.32303e-05
1580 14.7053 40 2 2 6 2 1.64694 6.12214e-05
1581 14.715 40 3 2 6 2 1.64694 6.71257e-05
1582 14.7246 40 2 2 6 2 1.64691 4.67151e-05
1583 14.7343 40 2 2 6 2 1.64691 6.36242e-05
1584 14.7439 40 3 2 6 2 1.64692 8.66676e-05
1585 14.7536 40 2 2 6 2 1.64689 5.57328e-05
1586 14.7632 40 2 2 6 2 1.64688 5.66691e-05
1587 14.7729 40 2 2 6 2 1.64689 8.20631e-05
1588 14.7826 40 1 2 6 2 1.64684 6.90035e-05
1589 14.7922 40 2 2 6 2 1.64683 5.86836e-05
1590 14.8019 40 2 2 6 2 1.64683 5.40366e-05
1591 14.8115 40 2 2 6 2 1.64683 6.17541e-05
1592 14.8212 40 1 2 6 2 1.64681 5.67009e-05
1593 14.8309 40 1 2 6 2 1.6468 5.37377e-05
1594 14.8405 40 2 2 6 2 1.64679 5.14078e-05
1595 14.8502 40 2 2 6 2 1.64678 5.07572e-05
1596 14.8599 40 2 2 6 2 1.64677 5.15135e-05
1597 14.8695 40 2 2 6 2 1.64676 4.5725e-05
1598 14.8792 40 2 2 6 2 1.64675 4.61798e-05
1599 14.8888 40 1 2 6 2 1.64674 4.80666e-05
1600 14.8985 40 2 2 6 2 1.64672 4.70432e-05
1601 14.9082 40 2 2 6 2 1.64673 5.2247e-05
1602 14.9178 40 2 2 6 2 1.64673 4.90938e-05
1603 14.9275 40 2 2 6 2 1.64669 4.04015e-05
1604 14.9372 40 3 2 6 2 1.64668 6.5457e-05
1605 14.9468 40 3 2 6 2 1.64665 5.29574e-05
1606 14.9565 40 3 2 6 2 1.64665 5.32509e-05
1607 14.9661 40 2 2 6 2 1.64664 4.73829e-05
1608 14.9758 40 2 2 6 2 1.64662 4.60329e-05
1609 14.9855 40 2 2 6 2 1.6466 4.49621e-05
1610 14.9951 40 2 2 6 2 1.6466 4.82248e-05
1611 15.0048 40 3 2 6 2 1.64658 4.67926e-05
1612 15.0144 40 2 2 6 2 1.64657 4.51634e-05
1613 15.0241 40 2 2 6 2 1.64656 4.19673e-05
1614 15.0338 40 2 2 6 2 1.64655 4.15666e-05
1615 15.0434 40 1 2 6 2 1.64654 3.86279e-05
1616 15.0531 40 2 2 6 2 1.64653 3.61543e-05
1617 15.0628 40 2 2 6 2 1.64654 4.16939e-05
1618 15.0724 40 2 2 6 2 1.64654 3.07e-05
1619 15.0821 40 2 2 6 2 1.64651 2.61298e-05
1620 15.0917 40 2 2 6 2 1.64651 4.93282e-05
1621 15.1014 40 2 2 6 2 1.64646 3.12159e-05
1622 15.1111 40 2 2 6 2 1.64645 1.70209e-05
1623 15.1207 40 2 2 6 2 1.64646 2.44562e-05
1624 15.1304 40 1 2 6 2 1.64645 2.87512e-05
1625 15.1401 40 2 2 6 2 1.64643 2.52245e-05
1626 15.1497 40 2 2 6 2 1.64641 1.43155e-05
1627 15.1594 40 2 2 6 2 1.64639 1.16527e-05
1628 15.169 40 2 2 6 2 1.6464 2.58755e-05
1629 15.1787 40 2 2 6 2 1.64638 2.40688e-05
1630 15.1884 40 2 2 6 2 1.64638 2.12387e-05
1631 15.198 40 1 2 6 2 1.64637 2.45493e-05
1632 15.2077 40 1 2 6 2 1.64636 2.7269e-05
1633 15.2173 40 2 2 6 2 1.64635 2.81516e-05
1634 15.227 40 3 2 6 2 1.64636 3.53734e-05
1635 15.2367 40 2 2 6 2 1.64634 2.79553e-05
1636 15.2463 40 2 2 6 2 1.64632 2.49524e-05
1637 15.256 40 2 2 6 2 1.64633 5.11352e-05
1638 15.2657 40 1 2 6 2 1.64629 3.77944e-05
1639 15.2753 40 1 2 6 2 1.64627 2.79265e-05
1640 15.285 40 1 2 6 2 1.64626 2.67127e-05
1641 15.2946 40 1 2 6 2 1.64626 3.07823e-05
1642 15.3043 40 3 2 6 2 1.64626 2.96557e-05
1643 15.314 40 2 2 6 2 1.64624 2.58433e-05
1644 15.3236 40 2 2 6 2 1.64623 2.57651e-05
1645 15.3333 40 2 2 6 2 1.64622 2.24113e-05
1646 15.343 40 3 2 6 2 1.64621 2.16614e-05
1647 15.3526 40 2 2 6 2 1.6462 1.98512e-05
1648 15.3623 40 2 2 6 2 1.6462 2.10754e-05
1649 15.3719 40 3 2 6 2 1.64618 2.13895e-05
1650 15.3816 40 2 2 6 2 1.64617 1.83204e-05
1651 15.3913 40 2 2 6 2 1.64619 2.51375e-05
1652 15.4009 40 2 2 6 2 1.64619 1.68986e-05
1653 15.4106 40 2 2 6 2 1.64615 2.77207e-05
1654 15.4202 40 2 2 6 2 1.6461 2.72886e-05
1655 15.4299 40 2 2 6 2 1.64609 -2.61853e-06
1656 15.4396 40 2 2 6 2 1.64611 1.81753e-05
1657 15.4492 40 2 2 6 2 1.64608 1.89719e-05
1658 15.4589 40 2 2 6 2 1.64608 8.41411e-06
1659 15.4686 40 2 2 6 2 1.64606 9.5309e-06
1660 15.4782 40 2 2 6 2 1.64606 8.34299e-06
1661 15.4879 40 2 2 6 2 1.64607 1.56882e-05
1662 15.4975 40 2 2 6 2 1.64606 -1.12169e-05
1663 15.5072 40 2 2 6 2 1.64602 1.23794e-05
1664 15.5169 40 2 2 6 2 1.64601 -8.6754e-06
1665 15.5265 40 1 2 6 2 1.64602 -4.91707e-06
1666 15.5362 40 1 2 6 2 1.64601 -4.50693e-06
1667 15.5458 40 2 2 6 2 1.646 -6.16523e-06
1668 15.5555 40 2 2 6 2 1.64601 -2.74528e-06
1669 15.5652 40 2 2 6 2 1.64602 -1.24219e-05
1670 15.5748 40 2 2 6 2 1.64598 -3.06847e-06
1671 15.5845 40 1 2 6 2 1.64593 -4.09749e-06
1672 15.5942 40 1 2 6 2 1.64593 -1.67891e-05
1673 15.6038 40 1 2 6 2 1.64592 -1.81744e-05
1674 15.6135 40 3 2 6 2 1.64592 -1.41786e-05
1675 15.6232 40 3 2 6 2 1.64592 -1.6669e-05
1676 15.6328 40 2 2 6 2 1.64591 -1.39579e-05
1677 15.6425 40 2 2 6 2 1.6459 -1.61704e-05
1678 15.6522 40 1 2 6 2 1.6459 -1.47314e-05
1679 15.6618 40 1 2 6 2 1.64589 -1.55648e-05
1680 15.6715 40 1 2 6 2 1.64588 -1.61959e-05
1681 15.6812 40 1 2 6 2 1.64587 -1.71371e-05
1682 15.6908 40 1 2 6 2 1.64586 -1.7646e-05
1683 15.7005 40 3 2 6 2 1.64585 -1.85195e-05
1684 15.7101 40 3 2 6 2 1.64584 -2.15397e-05
1685 15.7198 40 3 2 6 2 1.64582 -2.5227e-05
1686 15.7295 40 3 2 6 2 1.64581 -2.35511e-05
1687 15.7391 40 2 2 6 2 1.64581 -3.52752e-05
1688 15.7488 40 2 2 6 2 1.64578 -3.32356e-05
1689 15.7585 40 3 2 6 2 1.64574 -3.04976e-05
1690 15.7681 40 3 2 6 2 1.64574 -3.34972e-05
1691 15.7778 40 2 2 6 2 1.64574 -3.06848e-05
1692 15.7875 40 3 2 6 2 1.64572 -2.52157e-05
1693 15.7971 40 3 2 6 2 1.64571 -2.59663e-05
1694 15.8068 40 2 2 6 2 1.6457 -2.14272e-05
1695 15.8165 40 3 2 6 2 1.6457 -2.23624e-05
1696 15.8261 40 2 2 6 2 1.64569 -2.03837e-05
1697 15.8358 40 1 2 6 2 1.64569 -1.82104e-05
1698 15.8454 40 1 2 6 2 1.64569 -1.7136e-05
1699 15.8551 40 2 2 6 2 1.64568 -1.68208e-05
1700 15.8648 40 2 2 6 2 1.64568 -1.68439e-05
1701 15.8744 40 2 2 6 2 1.64568 -1.64761e-05
1702 15.8841 40 2 2 6 2 1.64567 -1.64614e-05
1703 15.8938 40 1 2 6 2 1.64567 -1.84464e-05
1704 15.9034 40 2 2 6 2 1.64566 -1.88863e-05
1705 15.9131 40 3 2 6 2 1.64567 -1.34039e-05
1706 15.9228 40 2 2 6 2 1.64566 -1.79833e-05
1707 15.9324 40 2 2 6 2 1.64563 -1.06561e-05
1708 15.9421 40 2 2 6 2 1.64559 -1.24578e-05
1709 15.9518 40 2 2 6 2 1.64558 -2.34316e-05
1710 15.9614 40 2 2 6 2 1.64559 -2.08723e-05
1711 15.9711 40 2 2 6 2 1.64556 -1.62694e-05
1712 15.9808 40 2 2 6 2 1.64554 -3.23839e-05
1713 15.9904 40 2 2 6 2 1.64555 -2.35791e-05
1714 16.0001 40 2 2 6 2 1.64554 -2.39832e-05
1715 16.0097 40 1 2 6 2 1.64552 -2.87775e-05
1716 16.0194 40 2 2 6 2 1.64551 -3.03767e-05
1717 16.0291 40 2 2 6 2 1.64551 -2.81097e-05
1718 16.0387 40 1 2 6 2 1.6455 -2.7998e-05
1719 16.0484 40 1 2 6 2 1.6455 -2.92259e-05
1720 16.0581 40 2 2 6 2 1.64549 -2.85184e-05
1721 16.0677 40 2 2 6 2 1.64549 -2.72945e-05
1722 16.0774 40 3 2 6 2 1.64548 -2.96119e-05
1723 16.0871 40 2 2 6 2 1.64547 -3.21855e-05
1724 16.0967 40 2 2 6 2 1.64547 -3.08067e-05
1725 16.1064 40 2 2 6 2 1.64546 -2.54326e-05
1726 16.1161 40 1 2 6 2 1.64545 -2.64774e-05
1727 16.1257 40 2 2 6 2 1.64544 -2.62493e-05
1728 16.1354 40 2 2 6 2 1.64545 -1.94804e-05
1729 16.145 40 3 2 6 2 1.64546 -2.86937e-05
1730 16.1547 40 2 2 6 2 1.6454 -1.45309e-05
1731 16.1644 40 2 2 6 2 1.64537 -1.94588e-05
1732 16.174 40 2 2 6 2 1.64537 -2.86231e-05
1733 16.1837 40 1 2 6 2 1.64537 -2.41313e-05
1734 16.1934 40 1 2 6 2 1.64536 -2.12393e-05
1735 16.203 40 1 2 6 2 1.64534 -2.47992e-05
1736 16.2127 40 1 2 6 2 1.64534 -2.6046e-05
1737 16.2224 40 1 2 6 2 1.64533 -2.68907e-05
1738 16.232 40 1 2 6 2 1.64532 -2.80106e-05
1739 16.2417 40 1 2 6 2 1.64531 -2.81611e-05
1740 16.2514 40 1 2 6 2 1.64531 -2.99201e-05
1741 16.261 40 2 2 6 2 1.6453 -2.69687e-05
1742 16.2707 40 2 2 6 2 1.6453 -2.64307e-05
1743 16.2804 40 1 2 6 2 1.64529 -2.68909e-05
1744 16.29 40 1 2 6 2 1.64529 -2.79987e-05
1745 16.2997 40 1 2 6 2 1.64528 -2.77781e-05
1746 16.3093 40 3 2 6 2 1.64527 -2.67643e-05
1747 16.319 40 2 2 6 2 1.64527 -1.78387e-05
1748 16.3287 40 2 2 6 2 1.64526 -2.35368e-05
1749 16.3383 40 2 2 6 2 1.64526 -1.94482e-05
1750 16.348 40 1 2 6 2 1.64524 -1.8765e-05
1751 16.3577 40 2 2 6 2 1.64523 -1.86441e-05
1752 16.3673 40 2 2 6 2 1.64522 -2.14916e-05
1753 16.377 40 3 2 6 2 1.64524 -1.14101e-05
1754 16.3867 40 2 2 6 2 1.64522 -3.16555e-05
1755 16.3963 40 2 2 6 2 1.6452 -1.3116e-05
1756 16.406 40 2 2 6 2 1.64515 -2.23072e-05
1757 16.4157 40 2 2 6 2 1.64515 -3.31205e-05
1758 16.4253 40 2 2 6 2 1.64516 -3.09183e-05
1759 16.435 40 2 2 6 2 1.64514 -2.81093e-05
1760 16.4447 40 2 2 6 2 1.64513 -2.90856e-05
1761 16.4543 40 2 2 6 2 1.64512 -2.55611e-05
1762 16.464 40 2 2 6 2 1.64511 -2.57543e-05
1763 16.4736 40 1 2 6 2 1.64511 -2.36362e-05
1764 16.4833 40 2 2 6 2 1.64511 -1.92875e-05
1765 16.493 40 2 2 6 2 1.6451 -1.80154e-05
1766 16.5026 40 2 2 6 2 1.64509 -2.01132e-05
1767 16.5123 40 1 2 6 2 1.64508 -1.89144e-05
1768 16.522 40 2 2 6 2 1.64508 -1.69499e-05
1769 16.5316 40 2 2 6 2 1.64508 -1.5665e-05
1770 16.5413 40 1 2 6 2 1.64506 -1.54122e-05
1771 16.551 40 1 2 6 2 1.64504 -1.70839e-05
1772 16.5606 40 1 2 6 2 1.64505 -1.29219e-05
1773 16.5703 40 1 2 6 2 1.64505 -1.1973e-05
1774 16.58 40 1 2 6 2 1.64504 -1.44853e-05
1775 16.5896 40 1 2 6 2 1.64502 -1.69472e-05
1776 16.5993 40 1 2 6 2 1.64501 -1.90092e-05
1777 16.609 40 2 2 6 2 1.645 -2.24936e-05
1778 16.6186 40 3 2 6 2 1.64499 -2.76865e-05
1779 16.6283 40 2 2 6 2 1.64498 -2.63326e-05
1780 16.638 40 3 2 6 2 1.64496 -3.34111e-05
1781 16.6476 40 2 2 6 2 1.64497 -2.75998e-05
1782 16.6573 40 2 2 6 2 1.64499 -1.98928e-05
1783 16.667 40 2 2 6 2 1.64489 -3.87359e-05
1784 16.6766 40 2 2 6 2 1.64488 -4.22055e-05
1785 16.6863 40 2 2 6 2 1.64491 -2.97333e-05
1786 16.696 40 2 2 6 2 1.6449 -3.05892e-05
1787 16.7056 40 2 2 6 2 1.64489 -3.86446e-05
1788 16.7153 40 3 2 6 2 1.64488 -3.22736e-05
1789 16.725 40 2 2 6 2 1.64488 -3.01191e-05
1790 16.7346 40 2 2 6 2 1.64487 -3.25589e-05
1791 16.7443 40 2 2 6 2 1.64487 -2.48942e-05
1792 16.754 40 2 2 6 2 1.64487 -2.67205e-05
1793 16.7636 40 2 2 6 2 1.64486 -2.67363e-05
1794 16.7733 40 2 2 6 2 1.64486 -2.83313e-05
1795 16.783 40 2 2 6 2 1.64486 -2.46966e-05
1796 16.7926 40 2 2 6 2 1.64485 -2.55969e-05
1797 16.8023 40 2 2 6 2 1.64484 -2.80745e-05
1798 16.812 40 2 2 6 2 1.64483 -2.64858e-05
1799 16.8217 40 2 2 6 2 1.64483 -2.24233e-05
1800 16.8313 40 2 2 6 2 1.64482 -2.60015e-05
1801 16.841 40 2 2 6 2 1.64481 -3.06841e-05
1802 16.8507 40 2 2 6 2 1.6448 -2.95772e-05
1803 16.8603 40 1 2 6 2 1.64479 -2.75857e-05
1804 16.87 40 2 2 6 2 1.64478 -2.857e-05
1805 16.8797 40 3 2 6 2 1.64476 -3.46209e-05
1806 16.8893 40 3 2 6 2 1.64473 -3.72763e-05
1807 16.899 40 2 2 6 2 1.64476 -2.62083e-05
1808 16.9087 40 2 2 6 2 1.64475 -2.97058e-05
1809 16.9183 40 2 2 6 2 1.64474 -3.10263e-05
1810 16.928 40 2 2 6 2 1.64472 -2.52119e-05
1811 16.9377 40 2 2 6 2 1.64472 -1.90337e-05
1812 16.9473 40 2 2 6 2 1.64476 -2.00186e-05
1813 16.957 40 2 2 6 2 1.64476 -1.36537e-05
1814 16.9667 40 1 2 6 2 1.64466 -3.05571e-05
1815 16.9763 40 1 2 6 2 1.64464 -2.71837e-05
1816 16.986 40 1 2 6 2 1.64465 -2.98984e-05
1817 16.9957 40 2 2 6 2 1.64467 -2.55701e-05
1818 17.0053 40 2 2 6 2 1.64466 -2.88146e-05
1819 17.015 40 2 2 6 2 1.64465 -2.45719e-05
1820 17.0247 40 2 2 6 2 1.64464 -1.65549e-05
1821 17.0343 40 2 2 6 2 1.64464 -1.75408e-05
1822 17.044 40 2 2 6 2 1.64464 -1.32933e-05
1823 17.0537 40 1 2 6 2 1.64463 -7.46457e-06
1824 17.0633 40 2 2 6 2 1.64462 -2.04418e-06
1825 17.073 40 2 2 6 2 1.64464 8.94263e-06
1826 17.0827 40 2 2 6 2 1.64462 7.48633e-06
1827 17.0923 40 2 2 6 2 1.64461 1.1778e-05
1828 17.102 40 2 2 6 2 1.64461 1.91558e-05
1829 17.1117 40 2 2 6 2 1.6446 2.27755e-05
1830 17.1213 40 1 2 6 2 1.64459 1.9768e-05
1831 17.131 40 1 2 6 2 1.64458 2.05016e-05
1832 17.1407 40 1 2 6 2 1.64457 2.07015e-05
1833 17.1503 40 2 2 6 2 1.64457 2.04044e-05
1834 17.16 40 2 2 6 2 1.64456 1.48875e-05
1835 17.1697 40 2 2 6 2 1.64454 1.38766e-05
1836 17.1793 40 2 2 6 2 1.64454 1.48201e-05
1837 17.189 40 2 2 6 2 1.64452 1.09495e-05
1838 17.1987 40 2 2 6 2 1.64452 1.11519e-05
1839 17.2083 40 2 2 6 2 1.64451 8.37089e-06
1840 17.218 40 1 2 6 2 1.6445 1.19445e-05
1841 17.2277 40 2 2 6 2 1.64449 1.44467e-05
1842 17.2373 40 2 2 6 2 1.64449 1.50093e-05
1843 17.247 40 2 2 6 2 1.64448 1.73952e-05
1844 17.2567 40 2 2 6 2 1.64447 2.14619e-05
1845 17.2664 40 3 2 6 2 1.64447 2.3255e-05
1846 17.276 40 2 2 6 2 1.64448 2.96376e-05
1847 17.2857 40 2 2 6 2 1.6445 3.14144e-05
1848 17.2954 40 2 2 6 2 1.64441 2.4266e-05
1849 17.305 40 3 2 6 2 1.64442 1.96631e-05
1850 17.3147 40 2 2 6 2 1.64444 3.73737e-05
1851 17.3244 40 2 2 6 2 1.64443 3.75791e-05
1852 17.334 40 2 2 6 2 1.64441 3.48332e-05
1853 17.3437 40 1 2 6 2 1.6444 3.34031e-05
1854 17.3534 40 1 2 6 2 1.6444 3.15695e-05
1855 17.363 40 2 2 6 2 1.64438 3.26821e-05
1856 17.3727 40 2 2 6 2 1.64439 3.49325e-05
1857 17.3824 40 1 2 6 2 1.64438 3.58327e-05
1858 17.392 40 1 2 6 2 1.64438 3.44045e-05
1859 17.4017 40 2 2 6 2 1.64437 3.37574e-05
1860 17.4114 40 2 2 6 2 1.64437 3.10053e-05
1861 17.421 40 1 2 6 2 1.64436 3.445e-05
1862 17.4307 40 1 2 6 2 1.64435 2.8952e-05
1863 17.4404 40 1 2 6 2 1.64435 2.75144e-05
1864 17.45 40 1 2 6 2 1.64434 2.57717e-05
1865 17.4597 40 2 2 6 2 1.64434 2.51367e-05
1866 17.4694 40 2 2 6 2 1.64433 2.17114e-05
1867 17.479 40 1 2 6 2 1.64432 2.32932e-05
1868 17.4887 40 2 2 6 2 1.64432 2.25337e-05
1869 17.4984 40 2 2 6 2 1.6443 2.11146e-05
1870 17.508 40 3 2 6 2 1.6443 2.10961e-05
1871 17.5177 40 2 2 6 2 1.64429 1.69235e-05
1872 17.5274 40 2 2 6 2 1.64428 2.56648e-05
1873 17.537 40 2 2 6 2 1.64428 1.5785e-05
1874 17.5467 40 2 2 6 2 1.64427 3.68823e-05
1875 17.5564 40 2 2 6 2 1.64424 1.43983e-05
1876 17.566 40 2 2 6 2 1.64426 3.16845e-05
1877 17.5757 40 1 2 6 2 1.64424 2.08988e-05
1878 17.5854 40 2 2 6 2 1.64422 2.36232e-05
1879 17.595 40 2 2 6 2 1.64422 2.64103e-05
1880 17.6047 40 1 2 6 2 1.64422 2.60156e-05
1881 17.6144 40 1 2 6 2 1.64422 2.53989e-05
1882 17.624 40 2 2 6 2 1.64421 2.62887e-05
1883 17.6337 40 2 2 6 2 1.6442 2.59824e-05
1884 17.6434 40 1 2 6 2 1.6442 2.42814e-05
1885 17.653 40 1 2 6 2 1.64419 2.31072e-05
1886 17.6627 40 1 2 6 2 1.64419 2.49626e-05
1887 17.6724 40 2 2 6 2 1.64418 2.4786e-05
1888 17.682 40 2 2 6 2 1.64415 1.82841e-05
1889 17.6917 40 1 2 6 2 1.64418 2.71769e-05
1890 17.7014 40 1 2 6 2 1.64419 2.59689e-05
1891 17.711 40 1 2 6 2 1.64416 2.44202e-05
1892 17.7207 40 1 2 6 2 1.64414 2.24898e-05
1893 17.7304 40 1 2 6 2 1.64414 2.1855e-05
1894 17.7401 40 1 2 6 2 1.64413 2.17992e-05
1895 17.7497 40 1 2 6 2 1.64412 2.03639e-05
1896 17.7594 40 1 2 6 2 1.64411 2.04392e-05
1897 17.7691 40 1 2 6 2 1.6441 2.00162e-05
1898 17.7787 40 1 2 6 2 1.64407 7.63703e-06
1899 17.7884 40 3 2 6 2 1.64408 3.01691e-05
1900 17.7981 40 2 2 6 2 1.64409 2.19158e-05
1901 17.8077 40 2 2 6 2 1.64407 1.97494e-05
1902 17.8174 40 2 2 6 2 1.64407 2.49567e-05
1903 17.8271 40 1 2 6 2 1.64407 2.29414e-05
1904 17.8368 40 1 2 6 2 1.64407 2.59084e-05
1905 17.8464 40 1 2 6 2 1.64406 2.88204e-05
1906 17.8561 40 1 2 6 2 1.64406 2.94701e-05
1907 17.8658 40 1 2 6 2 1.64405 3.20728e-05
1908 17.8754 40 1 2 6 2 1.64405 3.33245e-05
1909 17.8851 40 1 2 6 2 1.64404 3.38784e-05
1910 17.8948 40 1 2 6 2 1.64404 3.42664e-05
1911 17.9044 40 1 2 6 2 1.64403 3.57832e-05
1912 17.9141 40 1 2 6 2 1.64402 3.63726e-05
1913 17.9238 40 1 2 6 2 1.64401 3.79575e-05
1914 17.9335 40 1 2 6 2 1.644 3.91314e-05
1915 17.9431 40 2 2 6 2 1.64399 4.05139e-05
1916 17.9528 40 2 2 6 2 1.64398 4.06929e-05
1917 17.9625 40 1 2 6 2 1.64398 4.35819e-05
1918 17.9721 40 1 2 6 2 1.64397 4.22192e-05
1919 17.9818 40 2 2 6 2 1.64396 4.09165e-05
1920 17.9915 40 2 2 6 2 1.64395 3.98327e-05
1921 18.0011 40 1 2 6 2 1.64395 3.88558e-05
1922 18.0108 40 1 2 6 2 1.64394 3.93048e-05
1923 18.0205 40 1 2 6 2 1.64394 3.71834e-05
1924 18.0302 40 2 2 6 2 1.64393 3.4636e-05
1925 18.0398 40 2 2 6 2 1.64392 1.3186e-05
1926 18.0495 40 2 2 6 2 1.64392 4.9901e-05
1927 18.0592 40 2 2 6 2 1.64391 3.42366e-05
1928 18.0688 40 1 2 6 2 1.64391 3.10002e-05
1929 18.0785 40 1 2 6 2 1.6439 3.14258e-05
1930 18.0882 40 1 2 6 2 1.64389 3.26685e-05
1931 18.0978 40 1 2 6 2 1.64389 3.48669e-05
1932 18.1075 40 1 2 6 2 1.64388 3.59399e-05
1933 18.1172 40 1 2 6 2 1.64388 3.70442e-05
1934 18.1269 40 1 2 6 2 1.64387 3.76254e-05
1935 18.1365 40 1 2 6 2 1.64387 3.88554e-05
1936 18.1462 40 2 2 6 2 1.64386 3.95587e-05
1937 18.1559 40 2 2 6 2 1.64385 3.74954e-05
1938 18.1655 40 2 2 6 2 1.64384 3.84769e-05
1939 18.1752 40 2 2 6 2 1.64387 4.79791e-05
1940 18.1849 40 2 2 6 2 1.64383 3.81342e-05
1941 18.1946 40 2 2 6 2 1.64381 4.09502e-05
1942 18.2042 40 2 2 6 2 1.64381 4.02311e-05
1943 18.2139 40 2 2 6 2 1.64383 4.2463e-05
1944 18.2236 40 2 2 6 2 1.6438 4.44114e-05
1945 18.2332 40 2 2 6 2 1.64379 3.94685e-05
1946 18.2429 40 3 2 6 2 1.64379 4.22578e-05
1947 18.2526 40 2 2 6 2 1.64379 4.4007e-05
1948 18.2622 40 2 2 6 2 1.64378 4.3025e-05
1949 18.2719 40 2 2 6 2 1.64377 4.33721e-05
1950 18.2816 40 3 2 6 2 1.64377 4.40774e-05
1951 18.2913 40 3 2 6 2 1.64377 4.18735e-05
1952 18.3009 40 3 2 6 2 1.64376 4.25134e-05
1953 18.3106 40 3 2 6 2 1.64376 4.02884e-05
1954 18.3203 40 2 2 6 2 1.64375 4.21691e-05
1955 18.3299 40 2 2 6 2 1.64374 3.90607e-05
1956 18.3396 40 2 2 6 2 1.64374 4.14791e-05
1957 18.3493 40 1 2 6 2 1.64373 3.94668e-05
1958 18.3589 40 1 2 6 2 1.64373 3.95329e-05
1959 18.3686 40 1 2 6 2 1.64372 3.99958e-05
1960 18.3783 40 1 2 6 2 1.64371 3.98981e-05
1961 18.388 40 3 2 6 2 1.64371 4.04862e-05
1962 18.3976 40 2 2 6 2 1.64371 3.91006e-05
1963 18.4073 40 2 2 6 2 1.6437 3.94312e-05
1964 18.417 40 1 2 6 2 1.64369 4.05509e-05
1965 18.4266 40 1 2 6 2 1.64369 4.07298e-05
1966 18.4363 40 1 2 6 2 1.64368 4.16447e-05
1967 18.446 40 1 2 6 2 1.64368 4.25339e-05
1968 18.4556 40 1 2 6 2 1.64367 4.29602e-05
1969 18.4653 40 1 2 6 2 1.64366 4.39875e-05
1970 18.475 40 1 2 6 2 1.64366 4.4455e-05
1971 18.4847 40 1 2 6 2 1.64365 4.53302e-05
1972 18.4943 40 3 2 6 2 1.64364 4.55523e-05
1973 18.504 40 2 2 6 2 1.64364 4.61287e-05
1974 18.5137 40 1 2 6 2 1.64363 4.72141e-05
1975 18.5233 40 2 2 6 2 1.64362 4.54084e-05
1976 18.533 40 2 2 6 2 1.6436 4.22184e-05
1977 18.5427 40 1 2 6 2 1.64361 4.73488e-05
1978 18.5524 40 1 2 6 2 1.64361 4.53112e-05
1979 18.562 40 1 2 6 2 1.6436 4.58148e-05
1980 18.5717 40 1 2 6 2 1.64359 4.74588e-05
1981 18.5814 40 2 2 6 2 1.64359 4.60388e-05
1982 18.591 40 2 2 6 2 1.64358 4.52399e-05
1983 18.6007 40 2 2 6 2 1.64358 3.79085e-05
1984 18.6104 40 2 2 6 2 1.64357 3.44329e-05
1985 18.62 40 1 2 6 2 1.64357 4.6842e-05
1986 18.6297 40 1 2 6 2 1.64356 4.3295e-05
1987 18.6394 40 1 2 6 2 1.64356 4.35336e-05
1988 18.6491 40 1 2 6 2 1.64355 4.45007e-05
1989 18.6587 40 1 2 6 2 1.64354 4.48786e-05
1990 18.6684 40 1 2 6 2 1.64354 4.51077e-05
1991 18.6781 40 1 2 6 2 1.64353 4.44326e-05
1992 18.6877 40 1 2 6 2 1.64353 4.90096e-05
1993 18.6974 40 1 2 6 2 1.64352 4.51587e-05
1994 18.7071 40 1 2 6 2 1.64351 4.167e-05
1995 18.7167 40 1 2 6 2 1.64351 3.78124e-05
1996 18.7264 40 1 2 6 2 1.6435 3.58051e-05
1997 18.7361 40 1 2 6 2 1.6435 3.2128e-05
1998 18.7458 40 1 2 6 2 1.64349 2.83856e-05
1999 18.7554 40 1 2 6 2 1.64349 2.65295e-05
2000 18.7651 40 3 2 6 2 1.64348 2.63953e-05
2001 18.7748 40 2 2 6 2 1.64348 2.58176e-05
2002 18.7844 40 2 2 6 2 1.64347 1.94482e-05
2003 18.7941 40 2 2 6 2 1.64347 2.71305e-05
2004 18.8038 40 2 2 6 2 1.64346 2.72573e-05
2005 18.8134 40 3 2 6 2 1.64346 2.95767e-05
2006 18.8231 40 2 2 6 2 1.64345 3.20543e-05
2007 18.8328 40 2 2 6 2 1.64344 3.68237e-05
2008 18.8425 40 3 2 6 2 1.64344 3.95514e-05
2009 18.8521 40 2 2 6 2 1.64343 4.21282e-05
2010 18.8618 40 1 2 6 2 1.64343 4.4541e-05
2011 18.8715 40 2 2 6 2 1.64342 4.63259e-05
2012 18.8811 40 2 2 6 2 1.64342 5.23932e-05
2013 18.8908 40 1 2 6 2 1.64341 5.05445e-05
2014 18.9005 40 1 2 6 2 1.6434 5.08033e-05
2015 18.9102 40 1 2 6 2 1.6434 5.02607e-05
2016 18.9198 40 1 2 6 2 1.64339 5.1149e-05
2017 18.9295 40 1 2 6 2 1.64339 5.02709e-05
2018 18.9392 40 1 2 6 2 1.64338 4.74434e-05
2019 18.9488 40 1 2 6 2 1.64338 4.51179e-05
2020 18.9585 40 1 2 6 2 1.64337 4.44999e-05
2021 18.9682 40 2 2 6 2 1.64337 4.23825e-05
2022 18.9778 40 2 2 6 2 1.64336 4.02104e-05
2023 18.9875 40 1 2 6 2 1.64336 3.98938e-05
2024 18.9972 40 1 2 6 2 1.64335 3.97129e-05
2025 19.0069 40 1 2 6 2 1.64334 3.79282e-05
2026 19.0165 40 1 2 6 2 1.64334 3.86847e-05
2027 19.0262 40 1 2 6 2 1.64334 3.91871e-05
2028 19.0359 40 1 2 6 2 1.64333 4.11774e-05
2029 19.0455 40 1 2 6 2 1.64332 4.21818e-05
2030 19.0552 40 1 2 6 2 1.64332 4.17152e-05
2031 19.0649 40 2 2 6 2 1.64331 4.32558e-05
2032 19.0745 40 2 2 6 2 1.64331 4.46426e-05
2033 19.0842 40 1 2 6 2 1.6433 4.51592e-05
2034 19.0939 40 1 2 6 2 1.6433 4.58045e-05
2035 19.1036 40 2 2 6 2 1.64329 4.78663e-05
2036 19.1132 40 2 2 6 2 1.64328 5.77446e-05
2037 19.1229 40 2 2 6 2 1.64328 3.41388e-05
2038 19.1326 40 1 2 6 2 1.64328 5.55447e-05
2039 19.1422 40 1 2 6 2 1.64326 5.14248e-05
2040 19.1519 40 1 2 6 2 1.64326 5.019e-05
2041 19.1616 40 1 2 6 2 1.64326 4.99747e-05
2042 19.1712 40 1 2 6 2 1.64326 4.83082e-05
2043 19.1809 40 1 2 6 2 1.64325 4.75432e-05
2044 19.1906 40 2 2 6 2 1.64325 4.67241e-05
2045 19.2003 40 1 2 6 2 1.64325 4.7685e-05
2046 19.2099 40 1 2 6 2 1.64324 4.79806e-05
2047 19.2196 40 1 2 6 2 1.64323 4.50816e-05
2048 19.2293 40 2 2 6 2 1.64323 4.61413e-05
2049 19.2389 40 2 2 6 2 1.64323 4.56129e-05
2050 19.2486 40 1 2 6 2 1.64322 4.53001e-05
2051 19.2583 40 1 2 6 2 1.64321 4.34931e-05
2052 19.2679 40 1 2 6 2 1.64321 4.04329e-05
2053 19.2776 40 1 2 6 2 1.6432 4.04748e-05
2054 19.2873 40 2 2 6 2 1.64319 3.89965e-05
2055 19.297 40 2 2 6 2 1.64319 3.6935e-05
2056 19.3066 40 1 2 6 2 1.64318 3.61858e-05
2057 19.3163 40 1 2 6 2 1.64318 3.64809e-05
2058 19.326 40 1 2 6 2 1.64317 3.41819e-05
2059 19.3356 40 1 2 6 2 1.64317 3.46413e-05
2060 19.3453 40 1 2 6 2 1.64316 3.35051e-05
2061 19.355 40 1 2 6 2 1.64316 3.19766e-05
2062 19.3647 40 3 2 6 2 1.64315 3.0626e-05
2063 19.3743 40 3 2 6 2 1.64315 2.43349e-05
2064 19.384 40 3 2 6 2 1.64313 2.60838e-05
2065 19.3937 40 2 2 6 2 1.64314 3.47809e-05
2066 19.4033 40 2 2 6 2 1.64315 5.19301e-05
2067 19.413 40 1 2 6 2 1.64315 2.66997e-05
2068 19.4227 40 1 2 6 2 1.64312 3.16043e-05
2069 19.4324 40 1 2 6 2 1.64311 3.74362e-05
2070 19.442 40 1 2 6 2 1.64307 -9.05558e-06
2071 19.4517 40 1 2 6 2 1.64315 5.93941e-05
2072 19.4614 40 1 2 6 2 1.64313 6.05233e-05
2073 19.471 40 1 2 6 2 1.64309 3.71333e-05
2074 19.4807 40 3 2 6 2 1.64308 2.88932e-05
2075 19.4904 40 2 2 6 2 1.64309 4.08834e-05
2076 19.5001 40 1 2 6 2 1.64309 4.01745e-05
2077 19.5097 40 3 2 6 2 1.64308 3.69388e-05
2078 19.5194 40 2 2 6 2 1.64307 4.51733e-05
2079 19.5291 40 2 2 6 2 1.64307 3.46027e-05
2080 19.5388 40 3 2 6 2 1.64306 3.52584e-05
2081 19.5484 40 2 2 6 2 1.64306 3.69067e-05
2082 19.5581 40 2 2 6 2 1.64306 3.31064e-05
2083 19.5678 40 2 2 6 2 1.64305 3.23618e-05
2084 19.5775 40 2 2 6 2 1.64304 3.29706e-05
2085 19.5871 40 1 2 6 2 1.64304 3.08224e-05
2086 19.5968 40 1 2 6 2 1.64303 2.97421e-05
2087 19.6065 40 1 2 6 2 1.64303 2.98304e-05
2088 19.6161 40 1 2 6 2 1.64302 2.89361e-05
2089 19.6258 40 1 2 6 2 1.64302 2.72225e-05
2090 19.6355 40 1 2 6 2 1.64301 2.8111e-05
2091 19.6452 40 1 2 6 2 1.64301 2.75741e-05
2092 19.6548 40 1 2 6 2 1.643 2.63244e-05
2093 19.6645 40 1 2 6 2 1.643 2.75647e-05
2094 19.6742 40 1 2 6 2 1.64299 2.73989e-05
2095 19.6839 40 1 2 6 2 1.64299 2.63189e-05
2096 19.6935 40 1 2 6 2 1.64298 2.70129e-05
2097 19.7032 40 1 2 6 2 1.64298 2.79109e-05
2098 19.7129 40 1 2 6 2 1.64297 2.76537e-05
2099 19.7226 40 1 2 6 2 1.64297 2.64972e-05
2100 19.7322 40 3 2 6 2 1.64296 2.70012e-05
2101 19.7419 40 2 2 6 2 1.64296 2.60826e-05
2102 19.7516 40 2 2 6 2 1.64296 2.85247e-05
2103 19.7612 40 2 2 6 2 1.64295 2.60619e-05
2104 19.7709 40 2 2 6 2 1.64295 2.4926e-05
2105 19.7806 40 1 2 6 2 1.64294 2.62626e-05
2106 19.7903 40 1 2 6 2 1.64294 2.47042e-05
2107 19.7999 40 1 2 6 2 1.64293 2.23179e-05
2108 19.8096 40 1 2 6 2 1.64293 2.18535e-05
2109 19.8193 40 1 2 6 2 1.64292 2.2966e-05
2110 19.829 40 1 2 6 2 1.64292 2.23739e-05
2111 19.8386 40 1 2 6 2 1.64291 1.99055e-05
2112 19.8483 40 1 2 6 2 1.64291 1.96853e-05
2113 19.858 40 1 2 6 2 1.6429 2.03047e-05
2114 19.8677 40 1 2 6 2 1.6429 2.0652e-05
2115 19.8773 40 1 2 6 2 1.64289 2.01353e-05
2116 19.887 40 2 2 6 2 1.64289 1.89034e-05
2117 19.8967 40 2 2 6 2 1.64288 2.17894e-05
2118 19.9063 40 2 2 6 2 1.64288 1.69507e-05
2119 19.916 40 2 2 6 2 1.64288 1.20374e-05
2120 19.9257 40 2 2 6 2 1.64287 7.11895e-06
2121 19.9354 40 2 2 6 2 1.64286 1.02338e-05
2122 19.945 40 2 2 6 2 1.64286 1.69894e-05
2123 19.9547 40 2 2 6 2 1.64285 1.27195e-05
2124 19.9644 40 1 2 6 2 1.64285 1.2622e-05
2125 19.9741 40 2 2 6 2 1.64285 1.07109e-05
2126 19.9837 40 2 2 6 2 1.64284 1.13561e-05
2127 19.9934 40 1 2 6 2 1.64284 5.16195e-06
2128 20.0031 40 1 2 6 2 1.64283 3.10887e-07
2129 20.0128 40 1 2 6 2 1.64283 -2.26334e-06
2130 20.0224 40 2 2 6 2 1.64282 -5.06278e-06
2131 20.0321 40 2 2 6 2 1.64283 -8.71758e-06
2132 20.0418 40 2 2 6 2 1.64281 -1.14922e-05
2133 20.0514 40 2 2 6 2 1.64281 -1.38283e-05
2134 20.0611 40 2 2 6 2 1.6428 -1.88635e-05
2135 20.0708 40 2 2 6 2 1.6428 -1.74235e-05
2136 20.0805 40 2 2 6 2 1.64281 -1.17961e-05
2137 20.0901 40 2 2 6 2 1.64278 -2.21753e-05
2138 20.0998 40 1 2 6 2 1.64278 -2.68935e-05
2139 20.1095 40 1 2 6 2 1.64278 -2.41828e-05
2140 20.1192 40 2 2 6 2 1.64278 -2.64484e-05
2141 20.1288 40 2 2 6 2 1.64277 -2.85338e-05
2142 20.1385 40 2 2 6 2 1.64277 -2.72255e-05
2143 20.1482 40 2 2 6 2 1.64277 -2.63017e-05
2144 20.1579 40 2 2 6 2 1.64276 -2.41721e-05
2145 20.1675 40 1 2 6 2 1.64276 -1.91448e-05
2146 20.1772 40 1 2 6 2 1.64275 -1.69181e-05
2147 20.1869 40 1 2 6 2 1.64275 -1.32359e-05
2148 20.1965 40 1 2 6 2 1.64275 -8.73878e-06
2149 20.2062 40 1 2 6 2 1.64274 -3.68535e-06
2150 20.2159 40 1 2 6 2 1.64274 -9.38522e-07
2151 20.2256 40 1 2 6 2 1.64274 -8.37541e-08
2152 20.2352 40 1 2 6 2 1.64273 1.93387e-06
2153 20.2449 40 1 2 6 2 1.64273 4.40614e-06
2154 20.2546 40 1 2 6 2 1.64272 4.41959e-06
2155 20.2643 40 1 2 6 2 1.64272 2.86461e-06
2156 20.2739 40 1 2 6 2 1.64271 1.90296e-06
2157 20.2836 40 2 2 6 2 1.64271 2.24854e-07
2158 20.2933 40 1 2 6 2 1.6427 -1.75488e-06
2159 20.303 40 1 2 6 2 1.6427 -4.99801e-06
2160 20.3126 40 1 2 6 2 1.64269 -1.49889e-05
2161 20.3223 40 1 2 6 2 1.64269 -1.37932e-05
2162 20.332 40 1 2 6 2 1.64268 -1.60976e-05
2163 20.3416 40 1 2 6 2 1.64268 -1.78266e-05
2164 20.3513 40 1 2 6 2 1.64268 -1.83245e-05
2165 20.361 40 1 2 6 2 1.64267 -1.71495e-05
2166 20.3707 40 1 2 6 2 1.64267 -1.79262e-05
2167 20.3803 40 1 2 6 2 1.64266 -2.0046e-05
2168 20.39 40 1 2 6 2 1.64266 -1.89363e-05
2169 20.3997 40 1 2 6 2 1.64266 -1.66139e-05
2170 20.4094 40 1 2 6 2 1.64265 -1.63002e-05
2171 20.419 40 1 2 6 2 1.64265 -1.69048e-05
2172 20.4287 40 2 2 6 2 1.64264 -1.58449e-05
2173 20.4384 40 2 2 6 2 1.64264 -1.30111e-05
2174 20.4481 40 2 2 6 2 1.64264 -1.33884e-05
2175 20.4577 40 2 2 6 2 1.64263 -1.30158e-05
2176 20.4674 40 2 2 6 2 1.64263 -1.27936e-05
2177 20.4771 40 2 2 6 2 1.64262 -1.20485e-05
2178 20.4867 40 1 2 6 2 1.64262 -1.38731e-05
2179 20.4964 40 1 2 6 2 1.64262 -1.16959e-05
2180 20.5061 40 2 2 6 2 1.64261 -1.42505e-05
2181 20.5158 40 2 2 6 2 1.6426 -1.45662e-05
2182 20.5254 40 1 2 6 2 1.6426 -1.58148e-05
2183 20.5351 40 1 2 6 2 1.6426 -1.77321e-05
2184 20.5448 40 1 2 6 2 1.64259 -2.03379e-05
2185 20.5545 40 1 2 6 2 1.64259 -2.13408e-05
2186 20.5641 40 1 2 6 2 1.64259 -2.19058e-05
2187 20.5738 40 1 2 6 2 1.64258 -2.25949e-05
2188 20.5835 40 1 2 6 2 1.64258 -2.35388e-05
2189 20.5931 40 1 2 6 2 1.64257 -2.46712e-05
2190 20.6028 40 1 2 6 2 1.64257 -2.26636e-05
2191 20.6125 40 1 2 6 2 1.64257 -2.28345e-05
2192 20.6222 40 1 2 6 2 1.64256 -2.17741e-05
2193 20.6318 40 1 2 6 2 1.64256 -1.82865e-05
2194 20.6415 40 1 2 6 2 1.64255 -1.61116e-05
2195 20.6512 40 1 2 6 2 1.64255 -1.47232e-05
2196 20.6609 40 1 2 6 2 1.64255 -1.38088e-05
2197 20.6705 40 1 2 6 2 1.64254 -1.35227e-05
2198 20.6802 40 1 2 6 2 1.64254 -1.29347e-05
2199 20.6899 40 1 2 6 2 1.64253 -1.32019e-05
2200 20.6996 40 1 2 6 2 1.64253 -1.60631e-05
2201 20.7092 40 1 2 6 2 1.64253 -1.61522e-05
2202 20.7189 40 1 2 6 2 1.64252 -1.87801e-05
2203 20.7286 40 1 2 6 2 1.64252 -2.1321e-05
2204 20.7382 40 2 2 6 2 1.64251 -2.42386e-05
2205 20.7479 40 2 2 6 2 1.64251 -2.84135e-05
2206 20.7576 40 1 2 6 2 1.64251 -2.79872e-05
2207 20.7673 40 1 2 6 2 1.6425 -2.99194e-05
2208 20.7769 40 1 2 6 2 1.6425 -3.34036e-05
2209 20.7866 40 1 2 6 2 1.64249 -3.48615e-05
2210 20.7963 40 1 2 6 2 1.64249 -3.61317e-05
2211 20.806 40 1 2 6 2 1.64249 -3.67044e-05
2212 20.8156 40 1 2 6 2 1.64248 -3.45579e-05
2213 20.8253 40 1 2 6 2 1.64248 -3.6832e-05
2214 20.835 40 1 2 6 2 1.64248 -3.7631e-05
2215 20.8447 40 1 2 6 2 1.64247 -3.6094e-05
2216 20.8543 40 1 2 6 2 1.64247 -3.52666e-05
2217 20.864 40 1 2 6 2 1.64246 -3.29279e-05
2218 20.8737 40 1 2 6 2 1.64246 -3.36955e-05
2219 20.8833 40 1 2 6 2 1.64246 -3.29669e-05
2220 20.893 40 1 2 6 2 1.64245 -3.17146e-05
2221 20.9027 40 1 2 6 2 1.64245 -3.20282e-05
2222 20.9124 40 1 2 6 2 1.64244 -3.19048e-05
2223 20.922 40 1 2 6 2 1.64244 -3.22851e-05
2224 20.9317 40 1 2 6 2 1.64244 -3.09432e-05
2225 20.9414 40 1 2 6 2 1.64243 -3.27998e-05
2226 20.9511 40 1 2 6 2 1.64243 -3.35723e-05
2227 20.9607 40 1 2 6 2 1.64243 -3.33946e-05
2228 20.9704 40 1 2 6 2 1.64242 -3.39585e-05
2229 20.9801 40 1 2 6 2 1.64242 -3.33171e-05
2230 20.9898 40 1 2 6 2 1.64241 -3.49013e-05
2231 20.9994 40 1 2 6 2 1.64241 -3.49228e-05
2232 21.0091 40 1 2 6 2 1.64241 -3.4044e-05
2233 21.0188 40 1 2 6 2 1.6424 -3.55623e-05
2234 21.0284 40 1 2 6 2 1.6424 -3.54973e-05
2235 21.0381 40 2 2 6 2 1.6424 -3.45021e-05
2236 21.0478 40 2 2 6 2 1.64239 -3.57976e-05
2237 21.0575 40 1 2 6 2 1.64239 -3.52514e-05
2238 21.0671 40 1 2 6 2 1.64238 -3.58036e-05
2239 21.0768 40 1 2 6 2 1.64238 -3.60925e-05
2240 21.0865 40 1 2 6 2 1.64238 -3.62364e-05
2241 21.0962 40 1 2 6 2 1.64237 -3.51802e-05
2242 21.1058 40 1 2 6 2 1.64237 -3.68016e-05
2243 21.1155 40 1 2 6 2 1.64237 -3.67891e-05
2244 21.1252 40 1 2 6 2 1.64236 -3.58562e-05
2245 21.1349 40 1 2 6 2 1.64236 -3.66612e-05
2246 21.1445 40 1 2 6 2 1.64235 -3.77576e-05
2247 21.1542 40 1 2 6 2 1.64235 -3.77158e-05
2248 21.1639 40 1 2 6 2 1.64235 -3.69052e-05
2249 21.1735 40 1 2 6 2 1.64234 -3.7766e-05
2250 21.1832 40 1 2 6 2 1.64234 -3.88749e-05
2251 21.1929 40 1 2 6 2 1.64234 -3.88089e-05
2252 21.2026 40 1 2 6 2 1.64233 -3.7882e-05
/home/spencer/basilisk/src/grid/tree-common.h:710:error: [Thread debugging using libthread_db enabled]
/home/spencer/basilisk/src/grid/tree-common.h:710:error: Using host libthread_db library "/lib/x86_64-linux-gnu/libthread_db.so.1".
/home/spencer/basilisk/src/grid/tree-common.h:710:error: Program received signal SIGINT, Interrupt.
